--
14.3046,9.49543
14.3752,9.55792
14.4457,9.6204
14.5163,9.68289
14.5868,9.74537
14.6574,9.80786
14.6574,9.80786
14.6681,9.9067
14.6789,10.0056
14.6896,10.1044
14.7003,10.2032
14.7111,10.3021
14.7218,10.4009
14.7325,10.4998
14.7433,10.5986
14.754,10.6975
14.7647,10.7963
14.7755,10.8952
14.7862,10.994
14.797,11.0929
14.8077,11.1917
14.8184,11.2906
14.8292,11.3894
14.8399,11.4883
14.8506,11.5871
14.8614,11.686
14.8721,11.7848
14.8828,11.8837
14.8936,11.9825
14.9043,12.0813
14.9151,12.1802
14.9258,12.279
14.9365,12.3779
14.9473,12.4767
14.958,12.5756
14.9687,12.6744
14.9795,12.7733
14.9902,12.8721
15.0009,12.971
15.0117,13.0698
15.0224,13.1687
15.0331,13.2675
15.0439,13.3664
15.0546,13.4652
15.0654,13.5641
15.0761,13.6629
15.0868,13.7618
15.0976,13.8606
15.1083,13.9594
15.119,14.0583
15.1298,14.1571
15.1405,14.256
15.1512,14.3548
15.162,14.4537
15.1727,14.5525
15.1835,14.6514
15.1942,14.7502
15.2049,14.8491
15.2157,14.9479
15.2264,15.0468
15.2371,15.1456
15.2479,15.2445
15.2586,15.3433
15.2693,15.4422
15.2801,15.541
15.2908,15.6399
15.3015,15.7387
15.3015,15.7387
15.3327,15.8337
15.3639,15.9287
15.3951,16.0237
15.4263,16.1187
15.4574,16.2137
15.4886,16.3087
15.5198,16.4037
15.551,16.4987
15.5822,16.5937
15.6133,16.6887
15.6445,16.7837
15.6757,16.8787
15.7069,16.9737
15.7381,17.0687
15.7692,17.1637
15.8004,17.2587
15.8316,17.3537
15.8628,17.4487
15.894,17.5437
15.9251,17.6387
15.9563,17.7337
15.9875,17.8287
16.0187,17.9237
16.0499,18.0187
16.081,18.1137
16.1122,18.2086
16.1434,18.3036
16.1746,18.3986
16.2058,18.4936
16.2369,18.5886
16.2681,18.6836
16.2993,18.7786
16.3305,18.8736
16.3617,18.9686
16.3928,19.0636
16.424,19.1586
16.4552,19.2536
16.4864,19.3486
16.5176,19.4436
16.5487,19.5386
16.5799,19.6336
16.6111,19.7286
16.6423,19.8236
16.6735,19.9186
16.7046,20.0136
16.7358,20.1086
16.767,20.2036
16.7982,20.2986
16.8293,20.3936
16.8605,20.4886
16.8917,20.5836
16.9229,20.6786
16.9541,20.7736
16.9852,20.8686
17.0164,20.9636
17.0476,21.0586
17.0788,21.1536
17.11,21.2486
17.1411,21.3436
17.1723,21.4386
17.2035,21.5336
17.2035,21.5336
17.3022,21.5189
17.4009,21.5042
17.4996,21.4895
17.5983,21.4747
17.697,21.46
17.7958,21.4453
17.8945,21.4306
17.9932,21.4159
18.0919,21.4012
18.1906,21.3865
18.2893,21.3718
18.388,21.3571
18.4867,21.3424
18.5854,21.3277
18.6841,21.313
18.7828,21.2983
18.8815,21.2836
18.9803,21.2688
19.079,21.2541
19.1777,21.2394
19.2764,21.2247
19.3751,21.21
19.4738,21.1953
19.5725,21.1806
19.6712,21.1659
19.7699,21.1512
19.8686,21.1365
19.9673,21.1218
20.066,21.1071
20.1647,21.0924
20.2635,21.0776
20.3622,21.0629
20.4609,21.0482
20.5596,21.0335
20.6583,21.0188
20.757,21.0041
20.8557,20.9894
20.9544,20.9747
21.0531,20.96
21.1518,20.9453
21.2505,20.9306
21.3492,20.9159
21.448,20.9012
21.5467,20.8864
21.6454,20.8717
21.7441,20.857
21.8428,20.8423
21.9415,20.8276
22.0402,20.8129
22.1389,20.7982
22.2376,20.7835
22.3363,20.7688
22.435,20.7541
22.5337,20.7394
22.6325,20.7247
22.7312,20.71
22.8299,20.6952
22.9286,20.6805
23.0273,20.6658
23.0273,20.6658
23.1001,20.7317
23.1729,20.7976
23.2457,20.8635
23.3186,20.9295
23.3914,20.9954
23.4642,21.0613
23.537,21.1272
23.6098,21.1931
23.6827,21.259
23.7555,21.3249
23.8283,21.3908
23.9011,21.4567
23.974,21.5226
24.0468,21.5885
24.1196,21.6544
24.1924,21.7203
24.2652,21.7862
24.3381,21.8521
24.4109,21.918
24.4837,21.9839
24.5565,22.0498
24.6293,22.1157
24.7022,22.1816
24.775,22.2475
24.8478,22.3134
24.9206,22.3794
24.9934,22.4453
25.0663,22.5112
25.1391,22.5771
25.2119,22.643
25.2847,22.7089
25.3576,22.7748
25.4304,22.8407
25.5032,22.9066
25.576,22.9725
25.576,22.9725
25.595,23.0676
25.6139,23.1627
25.6329,23.2578
25.6518,23.3529
25.6708,23.448
25.6897,23.5431
25.7087,23.6382
25.7276,23.7333
25.7465,23.8284
25.7655,23.9235
25.7844,24.0186
25.8034,24.1137
25.8223,24.2088
25.8413,24.3039
25.8602,24.399
25.8792,24.4941
25.8981,24.5892
25.9171,24.6843
25.936,24.7794
25.955,24.8745
25.9739,24.9696
25.9929,25.0647
26.0118,25.1598
26.0308,25.2549
26.0308,25.2549
26.127,25.2661
26.2233,25.2773
26.3196,25.2886
26.4159,25.2998
26.5121,25.311
26.6084,25.3223
26.7047,25.3335
26.801,25.3447
26.8972,25.3559
26.9935,25.3672
27.0898,25.3784
27.186,25.3896
27.2823,25.4009
27.3786,25.4121
27.4749,25.4233
27.5711,25.4346
27.6674,25.4458
27.7637,25.457
27.86,25.4682
27.9562,25.4795
28.0525,25.4907
28.1488,25.5019
28.245,25.5132
28.3413,25.5244
28.3413,25.5244
28.4399,25.5133
28.5386,25.5022
28.6372,25.4912
28.7358,25.4801
28.8344,25.469
28.933,25.4579
29.0316,25.4468
29.1303,25.4358
29.2289,25.4247
29.3275,25.4136
29.4261,25.4025
29.5247,25.3915
29.6234,25.3804
29.722,25.3693
29.8206,25.3582
29.9192,25.3471
30.0178,25.3361
30.1164,25.325
30.2151,25.3139
30.3137,25.3028
30.4123,25.2918
30.5109,25.2807
30.6095,25.2696
30.7081,25.2585
30.8068,25.2474
30.9054,25.2364
31.004,25.2253
31.1026,25.2142
31.2012,25.2031
31.2998,25.192
31.2998,25.192
31.37,25.123
31.4401,25.0539
31.5102,24.9848
31.5803,24.9157
31.6505,24.8466
31.7206,24.7775
31.7907,24.7084
31.8608,24.6394
31.931,24.5703
32.0011,24.5012
32.0712,24.4321
32.1413,24.363
32.2114,24.2939
32.2816,24.2248
32.3517,24.1557
32.4218,24.0867
32.4919,24.0176
32.5621,23.9485
32.6322,23.8794
32.7023,23.8103
32.7724,23.7412
32.8425,23.6721
32.9127,23.603
32.9828,23.534
33.0529,23.4649
33.123,23.3958
33.1932,23.3267
33.2633,23.2576
33.3334,23.1885
33.4035,23.1194
33.4737,23.0504
33.5438,22.9813
33.6139,22.9122
33.684,22.8431
33.7541,22.774
33.8243,22.7049
33.8243,22.7049
33.9203,22.7215
34.0164,22.7382
34.1125,22.7548
34.2086,22.7714
34.3047,22.788
34.4007,22.8046
34.4968,22.8213
34.5929,22.8379
34.689,22.8545
34.689,22.8545
34.7286,22.9417
34.7683,23.0289
34.808,23.1161
34.8476,23.2033
34.8873,23.2905
34.927,23.3777
34.9667,23.4649
35.0063,23.5522
35.046,23.6394
35.0857,23.7266
35.1254,23.8138
35.165,23.901
35.2047,23.9882
35.2444,24.0754
35.284,24.1626
35.3237,24.2498
35.3634,24.337
35.4031,24.4242
35.4427,24.5114
35.4824,24.5986
35.5221,24.6858
35.5221,24.6858
35.4308,24.7201
35.3394,24.7544
35.2481,24.7887
35.1568,24.823
35.0655,24.8573
34.9742,24.8916
34.8829,24.9259
34.7915,24.9602
34.7002,24.9944
34.6089,25.0287
34.5176,25.063
34.4263,25.0973
34.335,25.1316
34.2436,25.1659
34.1523,25.2002
34.061,25.2345
33.9697,25.2688
33.8784,25.303
33.7871,25.3373
33.6957,25.3716
33.6044,25.4059
33.5131,25.4402
33.5131,25.4402
33.4157,25.4415
33.3184,25.4427
33.221,25.444
33.1236,25.4452
33.0262,25.4465
32.9289,25.4478
32.8315,25.449
32.7341,25.4503
32.6367,25.4515
32.5393,25.4528
32.442,25.454
32.3446,25.4553
32.2472,25.4566
32.1498,25.4578
32.0525,25.4591
31.9551,25.4603
31.8577,25.4616
31.7603,25.4629
31.6629,25.4641
31.5656,25.4654
31.4682,25.4666
31.3708,25.4679
31.2734,25.4692
31.1761,25.4704
31.0787,25.4717
30.9813,25.4729
30.8839,25.4742
30.7866,25.4754
30.6892,25.4767
30.5918,25.478
30.4944,25.4792
30.397,25.4805
30.2997,25.4817
30.2023,25.483
30.1049,25.4843
30.0075,25.4855
29.9102,25.4868
29.9102,25.4868
29.8207,25.5284
29.7312,25.57
29.6417,25.6116
29.5522,25.6532
29.4627,25.6948
29.3732,25.7365
29.2837,25.7781
29.1942,25.8197
29.1047,25.8613
29.0152,25.9029
28.9257,25.9445
28.8362,25.9862
28.7467,26.0278
28.6572,26.0694
28.5677,26.111
28.4782,26.1526
28.3887,26.1942
28.2992,26.2359
28.2992,26.2359
28.2006,26.2325
28.102,26.2292
28.0034,26.2259
27.9048,26.2225
27.8062,26.2192
27.7076,26.2158
27.6091,26.2125
27.5105,26.2092
27.4119,26.2058
27.3133,26.2025
27.2147,26.1992
27.1161,26.1958
27.0175,26.1925
26.9189,26.1892
26.8203,26.1858
26.7217,26.1825
26.6231,26.1792
26.5246,26.1758
26.426,26.1725
26.3274,26.1692
26.2288,26.1658
26.1302,26.1625
26.1302,26.1625
26.0923,26.073
26.0544,25.9836
26.0165,25.8942
25.9786,25.8047
25.9407,25.7153
25.9028,25.6259
25.8649,25.5364
25.827,25.447
25.7891,25.3576
25.7512,25.2681
25.7133,25.1787
25.6754,25.0893
25.6375,24.9998
25.5996,24.9104
25.5617,24.821
25.5238,24.7315
25.4859,24.6421
25.448,24.5526
25.4101,24.4632
25.3722,24.3738
25.3343,24.2843
25.2964,24.1949
25.2585,24.1055
25.2206,24.016
25.2206,24.016
25.1329,23.9712
25.0451,23.9263
24.9574,23.8814
24.8696,23.8365
24.7818,23.7916
24.6941,23.7468
24.6063,23.7019
24.5186,23.657
24.4308,23.6121
24.343,23.5672
24.2553,23.5224
24.1675,23.4775
24.0797,23.4326
23.992,23.3877
23.9042,23.3428
23.8165,23.298
23.7287,23.2531
23.6409,23.2082
23.5532,23.1633
23.4654,23.1185
23.3777,23.0736
23.2899,23.0287
23.2899,23.0287
23.1954,23.0539
23.101,23.0792
23.0065,23.1044
22.912,23.1297
22.8176,23.1549
22.7231,23.1802
22.6286,23.2054
22.5342,23.2306
22.4397,23.2559
22.3452,23.2811
22.2508,23.3064
22.1563,23.3316
22.0618,23.3568
21.9674,23.3821
21.8729,23.4073
21.7784,23.4326
21.684,23.4578
21.5895,23.4831
21.495,23.5083
21.4006,23.5335
21.3061,23.5588
21.2116,23.584
21.1172,23.6093
21.0227,23.6345
20.9282,23.6598
20.8338,23.685
20.7393,23.7102
20.6448,23.7355
20.5504,23.7607
20.4559,23.786
20.3614,23.8112
20.267,23.8365
20.1725,23.8617
20.078,23.8869
20.078,23.8869
19.9844,23.8678
19.8907,23.8486
19.797,23.8295
19.7033,23.8103
19.6097,23.7912
19.516,23.772
19.4223,23.7529
19.3286,23.7337
19.235,23.7146
19.1413,23.6954
19.0476,23.6762
18.954,23.6571
18.8603,23.6379
18.7666,23.6188
18.6729,23.5996
18.5793,23.5805
18.4856,23.5613
18.3919,23.5422
18.2983,23.523
18.2046,23.5039
18.2046,23.5039
18.1066,23.5081
18.0086,23.5124
17.9106,23.5167
17.8126,23.521
17.7146,23.5253
17.6166,23.5295
17.5186,23.5338
17.4206,23.5381
17.3226,23.5424
17.2246,23.5467
17.1266,23.5509
17.0286,23.5552
16.9306,23.5595
16.8326,23.5638
16.7346,23.568
16.6366,23.5723
16.5386,23.5766
16.4406,23.5809
16.3426,23.5852
16.2446,23.5894
16.1466,23.5937
16.0486,23.598
15.9506,23.6023
15.8526,23.6066
15.7546,23.6108
15.6566,23.6151
15.5586,23.6194
15.4606,23.6237
15.3626,23.628
15.2646,23.6322
15.1666,23.6365
15.0686,23.6408
14.9706,23.6451
14.8726,23.6494
14.7746,23.6536
14.7746,23.6536
14.6829,23.6186
14.5913,23.5836
14.4997,23.5486
14.408,23.5136
14.3164,23.4786
14.2247,23.4435
14.1331,23.4085
14.0414,23.3735
13.9498,23.3385
13.8582,23.3035
13.7665,23.2685
13.6749,23.2335
13.5832,23.1984
13.4916,23.1634
13.3999,23.1284
13.3083,23.0934
13.2167,23.0584
13.125,23.0234
13.125,23.0234
13.0777,22.9353
13.0304,22.8472
12.9831,22.7591
12.9358,22.6711
12.8885,22.583
12.8412,22.4949
12.7939,22.4068
12.7466,22.3187
12.6993,22.2307
12.652,22.1426
12.6047,22.0545
12.5574,21.9664
12.5101,21.8783
12.4628,21.7903
12.4155,21.7022
12.3682,21.6141
12.3209,21.526
12.2736,21.4379
12.2263,21.3499
12.179,21.2618
12.1317,21.1737
12.0844,21.0856
12.0371,20.9975
11.9898,20.9095
11.9425,20.8214
11.8952,20.7333
11.8479,20.6452
11.8006,20.5571
11.7533,20.4691
11.706,20.381
11.6587,20.2929
11.6114,20.2048
11.5641,20.1168
11.5168,20.0287
11.4695,19.9406
11.4222,19.8525
11.3749,19.7644
11.3276,19.6764
11.2803,19.5883
11.233,19.5002
11.233,19.5002
11.1394,19.5163
11.0458,19.5324
10.9522,19.5485
10.8586,19.5646
10.765,19.5807
10.6714,19.5968
10.5778,19.6129
10.4842,19.629
10.3906,19.6451
10.297,19.6611
10.2034,19.6772
10.1098,19.6933
10.0162,19.7094
10.0162,19.7094
9.94272,19.6582
9.86924,19.607
9.79576,19.5557
9.72227,19.5045
9.64879,19.4533
9.57531,19.4021
9.50183,19.3508
9.42834,19.2996
9.35486,19.2484
9.35486,19.2484
9.32908,19.1539
9.30329,19.0594
9.27751,18.9649
9.25172,18.8705
9.22594,18.776
9.20016,18.6815
9.17437,18.587
9.14859,18.4926
9.1228,18.3981
9.09702,18.3036
9.07123,18.2092
9.04545,18.1147
9.01967,18.0202
8.99388,17.9257
8.9681,17.8313
8.94231,17.7368
8.91653,17.6423
8.89074,17.5478
8.86496,17.4534
8.83918,17.3589
8.81339,17.2644
8.78761,17.1699
8.76182,17.0755
8.73604,16.981
8.71025,16.8865
8.68447,16.792
8.65868,16.6976
8.6329,16.6031
8.60712,16.5086
8.58133,16.4141
8.55555,16.3197
8.52976,16.2252
8.50398,16.1307
8.4782,16.0362
8.45241,15.9418
8.42663,15.8473
8.40084,15.7528
8.37506,15.6584
8.34927,15.5639
8.32349,15.4694
8.32349,15.4694
8.27293,15.3856
8.22237,15.3018
8.17181,15.2179
8.12125,15.1341
8.07069,15.0503
8.02013,14.9665
7.96957,14.8826
7.91901,14.7988
7.86845,14.715
7.81789,14.6312
7.76733,14.5474
7.71677,14.4635
7.66621,14.3797
7.61565,14.2959
7.56509,14.2121
7.51453,14.1282
7.46397,14.0444
7.41341,13.9606
7.36285,13.8768
7.31229,13.793
7.26173,13.7091
7.26173,13.7091
7.22941,13.6154
7.1971,13.5217
7.16478,13.4279
7.13246,13.3342
7.10015,13.2405
7.06783,13.1467
7.03551,13.053
7.0032,12.9593
6.97088,12.8655
6.93856,12.7718
6.90624,12.678
6.87393,12.5843
6.84161,12.4906
6.80929,12.3968
6.77698,12.3031
6.74466,12.2094
6.71234,12.1156
6.68003,12.0219
6.64771,11.9282
6.61539,11.8344
6.58307,11.7407
6.55076,11.647
6.51844,11.5532
6.48612,11.4595
6.45381,11.3658
6.42149,11.272
6.38917,11.1783
6.35685,11.0845
6.32454,10.9908
6.29222,10.8971
6.29222,10.8971
6.28673,10.8013
6.28124,10.7054
6.27575,10.6096
6.27026,10.5138
6.26477,10.418
6.25928,10.3221
6.25379,10.2263
6.2483,10.1305
6.24281,10.0347
6.23732,9.93884
6.23183,9.84302
6.22634,9.7472
6.22085,9.65137
6.21536,9.55555
6.20987,9.45973
6.20987,9.45973
6.30235,9.43103
6.39483,9.40234
6.48731,9.37365
6.57978,9.34495
6.67226,9.31626
6.76474,9.28756
6.85722,9.25887
6.9497,9.23018
7.04218,9.20148
7.13466,9.17279
7.22713,9.1441
7.31961,9.1154
7.41209,9.08671
7.50457,9.05801
7.59705,9.02932
7.68953,9.00063
7.78201,8.97193
7.87449,8.94324
7.96696,8.91454
8.05944,8.88585
8.15192,8.85716
8.15192,8.85716
8.25114,8.85588
8.35036,8.8546
8.44958,8.85332
8.5488,8.85205
8.64802,8.85077
8.74724,8.84949
8.84646,8.84821
8.94568,8.84694
9.0449,8.84566
9.14412,8.84438
9.24333,8.8431
9.34255,8.84183
9.44177,8.84055
9.54099,8.83927
9.64021,8.83799
9.73943,8.83672
9.83865,8.83544
9.93787,8.83416
10.0371,8.83288
10.1363,8.83161
10.2355,8.83033
10.3347,8.82905
10.434,8.82778
10.5332,8.8265
10.6324,8.82522
10.7316,8.82394
10.8308,8.82267
10.9301,8.82139
11.0293,8.82011
11.1285,8.81883
11.1285,8.81883
11.2164,8.7728
11.3044,8.72676
11.3923,8.68073
11.4802,8.6347
11.5681,8.58866
11.6561,8.54263
11.744,8.49659
11.8319,8.45056
11.9199,8.40452
12.0078,8.35849
12.0957,8.31246
12.1836,8.26642
12.2716,8.22039
12.3595,8.17435
12.4474,8.12832
12.5354,8.08228
12.6233,8.03625
12.7112,7.99021
12.7991,7.94418
12.8871,7.89814
12.975,7.85211
13.0629,7.80608
13.1509,7.76004
13.2388,7.71401
13.3267,7.66797
13.4146,7.62194
13.5026,7.5759
13.5905,7.52987
13.6784,7.48384
13.7664,7.4378
13.8543,7.39177
13.9422,7.34573
14.0301,7.2997
14.1181,7.25366
14.206,7.20763
14.2939,7.16159
14.3819,7.11556
14.4698,7.06953
14.5577,7.02349
14.6456,6.97746
14.7336,6.93142
14.8215,6.88539
14.9094,6.83935
14.9974,6.79332
15.0853,6.74728
15.1732,6.70125
15.2611,6.65522
15.3491,6.60918
15.437,6.56315
15.5249,6.51711
15.6129,6.47108
15.7008,6.42504
15.7887,6.37901
15.8766,6.33297
15.9646,6.28694
16.0525,6.24091
16.1404,6.19487
16.2284,6.14884
16.3163,6.1028
16.4042,6.05677
16.4921,6.01073
16.5801,5.9647
16.668,5.91866
16.668,5.91866
16.748,5.86157
16.8281,5.80447
16.9081,5.74737
16.9881,5.69027
17.0682,5.63318
17.1482,5.57608
17.2282,5.51898
17.3082,5.46188
17.3883,5.40479
17.4683,5.34769
17.5483,5.29059
17.6284,5.23349
17.7084,5.1764
17.7884,5.1193
17.8685,5.0622
17.9485,5.0051
18.0285,4.94801
18.1086,4.89091
18.1886,4.83381
18.2686,4.77671
18.3487,4.71961
18.4287,4.66252
18.5087,4.60542
18.5888,4.54832
18.6688,4.49122
18.7488,4.43413
18.8288,4.37703
18.9089,4.31993
18.9889,4.26283
19.0689,4.20574
19.0689,4.20574
19.162,4.17971
19.2551,4.15367
19.3482,4.12764
19.4412,4.10161
19.5343,4.07558
19.6274,4.04955
19.7205,4.02352
19.8135,3.99749
19.9066,3.97146
19.9997,3.94542
20.0927,3.91939
20.1858,3.89336
20.2789,3.86733
20.372,3.8413
20.465,3.81527
20.5581,3.78924
20.6512,3.76321
20.7443,3.73717
20.8373,3.71114
20.9304,3.68511
21.0235,3.65908
21.1165,3.63305
21.2096,3.60702
21.2096,3.60702
21.3088,3.6082
21.4079,3.60938
21.507,3.61055
21.6062,3.61173
21.7053,3.61291
21.8044,3.61409
21.9036,3.61527
22.0027,3.61645
22.1018,3.61762
22.201,3.6188
22.3001,3.61998
22.3993,3.62116
22.4984,3.62234
22.5975,3.62352
22.6967,3.62469
22.7958,3.62587
22.8949,3.62705
22.9941,3.62823
23.0932,3.62941
23.1923,3.63059
23.1923,3.63059
23.2739,3.68531
23.3554,3.74003
23.437,3.79476
23.5185,3.84948
23.6001,3.90421
23.6817,3.95893
23.7632,4.01366
23.7632,4.01366
23.803,4.10506
23.8428,4.19646
23.8826,4.28787
23.9224,4.37927
23.9623,4.47067
24.0021,4.56208
24.0419,4.65348
24.0817,4.74488
24.1215,4.83629
24.1613,4.92769
24.2011,5.01909
24.2409,5.1105
24.2808,5.2019
24.3206,5.2933
24.3604,5.3847
24.4002,5.47611
24.44,5.56751
24.4798,5.65891
24.4798,5.65891
24.4865,5.75636
24.4931,5.8538
24.4997,5.95125
24.5064,6.04869
24.513,6.14614
24.5196,6.24359
24.5263,6.34103
24.5329,6.43848
24.5395,6.53592
24.5462,6.63337
24.5528,6.73081
24.5594,6.82826
24.5661,6.9257
24.5727,7.02315
24.5793,7.12059
24.586,7.21804
24.5926,7.31548
24.5993,7.41293
24.6059,7.51037
24.6125,7.60782
24.6192,7.70526
24.6258,7.80271
24.6324,7.90015
24.6391,7.9976
24.6457,8.09504
24.6523,8.19249
24.659,8.28993
24.6656,8.38738
24.6722,8.48482
24.6789,8.58227
24.6855,8.67971
24.6921,8.77716
24.6988,8.8746
24.7054,8.97205
24.7121,9.06949
24.7187,9.16694
24.7253,9.26438
24.7253,9.26438
24.7501,9.35853
24.7748,9.45267
24.7996,9.54682
24.8243,9.64097
24.849,9.73511
24.8738,9.82926
24.8985,9.9234
24.9233,10.0175
24.948,10.1117
24.9728,10.2058
24.9975,10.3
25.0222,10.3941
25.047,10.4883
25.0717,10.5824
25.0965,10.6766
25.1212,10.7707
25.146,10.8649
25.1707,10.959
25.1954,11.0531
25.2202,11.1473
25.2449,11.2414
25.2697,11.3356
25.2944,11.4297
25.3192,11.5239
25.3439,11.618
25.3687,11.7122
25.3934,11.8063
25.4181,11.9005
25.4429,11.9946
25.4429,11.9946
25.5108,12.0651
25.5787,12.1356
25.6465,12.2061
25.7144,12.2766
25.7823,12.3471
25.8502,12.4176
25.9181,12.4881
25.986,12.5586
26.0539,12.6291
26.1218,12.6996
26.1897,12.7701
26.2575,12.8406
26.3254,12.9111
26.3933,12.9816
26.4612,13.052
26.4612,13.052
26.5554,13.0412
26.6495,13.0304
26.7437,13.0196
26.8378,13.0088
26.932,12.9979
27.0261,12.9871
27.1203,12.9763
27.2145,12.9655
27.3086,12.9547
27.4028,12.9438
27.4969,12.933
27.5911,12.9222
27.6852,12.9114
27.7794,12.9005
27.8735,12.8897
27.9677,12.8789
28.0619,12.8681
28.156,12.8573
28.156,12.8573
28.2215,12.9268
28.287,12.9963
28.3525,13.0658
28.418,13.1353
28.4835,13.2048
28.4835,13.2048
28.4095,13.27
28.3355,13.3352
28.2615,13.4005
28.1875,13.4657
28.1135,13.5309
28.0395,13.5961
27.9655,13.6613
27.8915,13.7266
27.8175,13.7918
27.7435,13.857
27.6695,13.9222
27.5955,13.9874
27.5215,14.0527
27.4475,14.1179
27.3735,14.1831
27.2995,14.2483
27.2255,14.3135
27.1515,14.3788
27.0775,14.444
27.0035,14.5092
26.9295,14.5744
26.8555,14.6396
26.7815,14.7049
26.7075,14.7701
26.6335,14.8353
26.5595,14.9005
26.5595,14.9005
26.4644,14.9193
26.3693,14.938
26.2742,14.9568
26.179,14.9755
26.0839,14.9943
25.9888,15.013
25.8937,15.0317
25.7985,15.0505
25.7034,15.0692
25.6083,15.088
25.5131,15.1067
25.418,15.1255
25.3229,15.1442
25.2278,15.163
25.1326,15.1817
25.0375,15.2005
24.9424,15.2192
24.8472,15.238
24.7521,15.2567
24.657,15.2755
24.5619,15.2942
24.4667,15.313
24.3716,15.3317
24.2765,15.3505
24.2765,15.3505
24.2548,15.2536
24.2331,15.1568
24.2114,15.06
24.1896,14.9632
24.1679,14.8664
24.1462,14.7696
24.1245,14.6727
24.1028,14.5759
24.0811,14.4791
24.0594,14.3823
24.0377,14.2855
24.016,14.1887
23.9943,14.0918
23.9726,13.995
23.9509,13.8982
23.9292,13.8014
23.9075,13.7046
23.8858,13.6077
23.8641,13.5109
23.8423,13.4141
23.8206,13.3173
23.7989,13.2205
23.7772,13.1237
23.7555,13.0268
23.7338,12.93
23.7121,12.8332
23.6904,12.7364
23.6687,12.6396
23.647,12.5427
23.6253,12.4459
23.6036,12.3491
23.5819,12.2523
23.5602,12.1555
23.5385,12.0587
23.5168,11.9618
23.495,11.865
23.4733,11.7682
23.4516,11.6714
23.4299,11.5746
23.4082,11.4777
23.3865,11.3809
23.3648,11.2841
23.3431,11.1873
23.3214,11.0905
23.2997,10.9937
23.278,10.8968
23.2563,10.8
23.2346,10.7032
23.2129,10.6064
23.1912,10.5096
23.1694,10.4127
23.1477,10.3159
23.126,10.2191
23.1043,10.1223
23.0826,10.0255
23.0826,10.0255
23.0233,9.94797
22.9639,9.87047
22.9046,9.79297
22.8452,9.71547
22.7858,9.63796
22.7265,9.56046
22.6671,9.48296
22.6078,9.40546
22.5484,9.32796
22.4891,9.25046
22.4297,9.17295
22.3703,9.09545
22.311,9.01795
22.2516,8.94045
22.1923,8.86295
22.1329,8.78544
22.0736,8.70794
22.0142,8.63044
21.9549,8.55294
21.8955,8.47544
21.8361,8.39794
21.7768,8.32043
21.7174,8.24293
21.6581,8.16543
21.5987,8.08793
21.5394,8.01043
21.48,7.93292
21.4207,7.85542
21.3613,7.77792
21.3019,7.70042
21.2426,7.62292
21.2426,7.62292
21.1436,7.60895
21.0446,7.59497
20.9456,7.581
20.8466,7.56703
20.7476,7.55306
20.6486,7.53909
20.5496,7.52512
20.4506,7.51115
20.3516,7.49718
20.2526,7.4832
20.1536,7.46923
20.0546,7.45526
19.9555,7.44129
19.8565,7.42732
19.7575,7.41335
19.6585,7.39938
19.5595,7.38541
19.4605,7.37143
19.3615,7.35746
19.2625,7.34349
19.2625,7.34349
19.1662,7.36274
19.07,7.38198
18.9737,7.40122
18.8774,7.42046
18.7811,7.43971
18.6848,7.45895
18.5885,7.47819
18.4923,7.49744
18.396,7.51668
18.2997,7.53592
18.2034,7.55517
18.1071,7.57441
18.0108,7.59365
17.9145,7.6129
17.8183,7.63214
17.722,7.65138
17.6257,7.67063
17.5294,7.68987
17.4331,7.70911
17.3368,7.72836
17.2406,7.7476
17.1443,7.76684
17.048,7.78609
16.9517,7.80533
16.8554,7.82457
16.7591,7.84382
16.6628,7.86306
16.5666,7.8823
16.4703,7.90155
16.374,7.92079
16.2777,7.94003
16.1814,7.95928
16.0851,7.97852
15.9889,7.99776
15.8926,8.01701
15.7963,8.03625
15.7,8.05549
15.6037,8.07474
15.5074,8.09398
15.5074,8.09398
15.559,8.16519
15.6107,8.23641
15.6623,8.30762
15.7139,8.37884
15.7139,8.37884
15.6356,8.44087
15.5573,8.5029
15.479,8.56494
15.4007,8.62697
15.3224,8.689
15.2441,8.75104
15.1658,8.81307
15.0875,8.8751
15.0093,8.93714
14.931,8.99917
14.8527,9.0612
14.7744,9.12324
14.6961,9.18527
14.6178,9.2473
14.5395,9.30933
14.4612,9.37137
14.3829,9.4334
14.3046,9.49543
14.3046,9.49543
14.2048,9.49672
14.105,9.498
14.0052,9.49929
13.9054,9.50057
13.8056,9.50186
13.7058,9.50314
13.606,9.50442
13.5062,9.50571
13.4064,9.50699
13.3066,9.50828
13.2068,9.50956
13.107,9.51084
13.0072,9.51213
12.9074,9.51341
12.8075,9.5147
12.7077,9.51598
12.6079,9.51727
12.5081,9.51855
12.4083,9.51983
12.3085,9.52112
12.2087,9.5224
12.1089,9.52369
12.0091,9.52497
11.9093,9.52625
11.8095,9.52754
11.7097,9.52882
11.6099,9.53011
11.5101,9.53139
11.4103,9.53267
11.3105,9.53396
11.2107,9.53524
11.1109,9.53653
11.0111,9.53781
10.9113,9.53909
10.8115,9.54038
10.7117,9.54166
10.6119,9.54295
10.5121,9.54423
10.4123,9.54552
10.3125,9.5468
10.2127,9.54808
10.1129,9.54937
10.0131,9.55065
9.91325,9.55194
9.81345,9.55322
9.71364,9.5545
9.61384,9.55579
9.51404,9.55707
9.41424,9.55836
9.31443,9.55964
9.21463,9.56093
9.11482,9.56221
9.01502,9.56349
8.91522,9.56478
8.81541,9.56606
8.71561,9.56735
8.61581,9.56863
8.516,9.56991
8.4162,9.5712
8.3164,9.57248
8.21659,9.57377
8.11679,9.57505
8.01699,9.57633
7.91718,9.57762
7.81738,9.5789
7.71758,9.58019
7.61777,9.58147
7.51797,9.58276
7.41817,9.58404
7.31836,9.58532
7.21856,9.58661
7.11876,9.58789
7.01895,9.58918
6.91915,9.59046
6.81935,9.59174
6.71954,9.59303
6.61974,9.59431
14.4193,9.93094
14.4193,9.93094
14.4193,9.93094
14.43,10.0295
14.4407,10.1281
14.4514,10.2267
14.4621,10.3253
14.4728,10.4239
14.4835,10.5225
14.4942,10.6211
14.505,10.7197
14.5157,10.8183
14.5264,10.9169
14.5371,11.0155
14.5478,11.114
14.5585,11.2126
14.5692,11.3112
14.5799,11.4098
14.5906,11.5084
14.6013,11.607
14.612,11.7056
14.6227,11.8042
14.6335,11.9028
14.6442,12.0014
14.6549,12.1
14.6549,12.1
14.6224,12.0059
14.59,11.9118
14.5576,11.8178
14.5251,11.7237
14.4927,11.6296
14.4603,11.5356
14.4278,11.4415
14.3954,11.3474
14.363,11.2534
14.3306,11.1593
14.2981,11.0652
14.2657,10.9712
14.2333,10.8771
14.2008,10.783
14.1684,10.689
14.136,10.5949
14.1035,10.5008
14.0711,10.4068
14.0387,10.3127
14.0062,10.2186
13.9738,10.1246
13.9414,10.0305
13.9089,9.93642
13.8765,9.84235
13.8441,9.74828
13.8116,9.65422
13.7792,9.56015
13.7468,9.46608
13.7144,9.37201
13.6819,9.27795
13.6819,9.27795
13.5972,9.24447
13.5125,9.21099
13.4278,9.17752
13.3431,9.14404
13.2583,9.11057
13.1736,9.07709
13.0889,9.04361
13.0889,9.04361
13.1211,9.13692
13.1532,9.23024
13.1854,9.32355
13.2176,9.41686
13.2498,9.51017
13.2819,9.60348
13.3141,9.69679
13.3463,9.7901
13.3784,9.88341
13.4106,9.97672
13.4428,10.07
13.4749,10.1633
13.5071,10.2567
13.5393,10.35
13.5715,10.4433
13.6036,10.5366
13.6358,10.6299
13.668,10.7232
13.7001,10.8165
13.7323,10.9098
13.7645,11.0031
13.7967,11.0964
13.8288,11.1898
13.861,11.2831
13.8932,11.3764
13.9253,11.4697
13.9575,11.563
13.9897,11.6563
14.0218,11.7496
14.054,11.8429
14.0862,11.9362
14.1184,12.0295
14.1505,12.1229
14.1827,12.2162
14.2149,12.3095
14.247,12.4028
14.2792,12.4961
14.3114,12.5894
14.3436,12.6827
14.3757,12.776
14.4079,12.8693
14.4401,12.9627
14.4722,13.056
14.5044,13.1493
14.5366,13.2426
14.5687,13.3359
14.6009,13.4292
14.6331,13.5225
14.6653,13.6158
14.6974,13.7091
14.7296,13.8024
14.7618,13.8958
14.7939,13.9891
14.8261,14.0824
14.8583,14.1757
14.8905,14.269
14.8905,14.269
14.9012,14.3676
14.9119,14.4662
14.9226,14.5648
14.9333,14.6634
14.944,14.762
14.9547,14.8606
14.9654,14.9591
14.9761,15.0577
14.9868,15.1563
14.9975,15.2549
15.0082,15.3535
15.019,15.4521
15.0297,15.5507
15.0404,15.6493
15.0511,15.7479
15.0618,15.8465
15.0725,15.9451
15.0832,16.0437
15.0939,16.1423
15.1046,16.2408
15.1153,16.3394
15.126,16.438
15.126,16.438
15.0938,16.3445
15.0616,16.251
15.0293,16.1575
14.9971,16.064
14.9648,15.9704
14.9326,15.8769
14.9003,15.7834
14.8681,15.6899
14.8359,15.5964
14.8036,15.5029
14.7714,15.4093
14.7391,15.3158
14.7069,15.2223
14.6747,15.1288
14.6424,15.0353
14.6102,14.9418
14.5779,14.8482
14.5457,14.7547
14.5134,14.6612
14.4812,14.5677
14.449,14.4742
14.4167,14.3807
14.3845,14.2871
14.3522,14.1936
14.32,14.1001
14.2877,14.0066
14.2555,13.9131
14.2233,13.8196
14.191,13.726
14.1588,13.6325
14.1265,13.539
14.0943,13.4455
14.0621,13.352
14.0298,13.2585
13.9976,13.1649
13.9653,13.0714
13.9331,12.9779
13.9008,12.8844
13.8686,12.7909
13.8364,12.6973
13.8041,12.6038
13.7719,12.5103
13.7396,12.4168
13.7074,12.3233
13.6752,12.2298
13.6429,12.1362
13.6107,12.0427
13.5784,11.9492
13.5462,11.8557
13.5139,11.7622
13.4817,11.6687
13.4495,11.5751
13.4172,11.4816
13.385,11.3881
13.3527,11.2946
13.3205,11.2011
13.2883,11.1076
13.256,11.014
13.2238,10.9205
13.1915,10.827
13.1593,10.7335
13.127,10.64
13.0948,10.5465
13.0626,10.4529
13.0303,10.3594
12.9981,10.2659
12.9658,10.1724
12.9336,10.0789
12.9013,9.98535
12.8691,9.89183
12.8369,9.79832
12.8046,9.7048
12.7724,9.61128
12.7401,9.51777
12.7079,9.42425
12.6757,9.33073
12.6434,9.23722
12.6112,9.1437
12.5789,9.05018
12.5789,9.05018
12.4939,9.05127
12.4089,9.05237
12.3239,9.05346
12.239,9.05456
12.154,9.05565
12.069,9.05675
12.069,9.05675
12.1013,9.15064
12.1337,9.24454
12.1661,9.33844
12.1985,9.43234
12.2308,9.52624
12.2632,9.62014
12.2956,9.71404
12.3279,9.80793
12.3603,9.90183
12.3927,9.99573
12.4251,10.0896
12.4574,10.1835
12.4898,10.2774
12.5222,10.3713
12.5546,10.4652
12.5869,10.5591
12.6193,10.653
12.6517,10.7469
12.6841,10.8408
12.7164,10.9347
12.7488,11.0286
12.7812,11.1225
12.8135,11.2164
12.8459,11.3103
12.8783,11.4042
12.9107,11.4981
12.943,11.592
12.9754,11.6859
13.0078,11.7798
13.0402,11.8737
13.0725,11.9676
13.1049,12.0615
13.1373,12.1554
13.1697,12.2493
13.202,12.3432
13.2344,12.4371
13.2668,12.531
13.2991,12.6249
13.3315,12.7188
13.3639,12.8127
13.3963,12.9066
13.4286,13.0005
13.461,13.0944
13.4934,13.1883
13.5258,13.2822
13.5581,13.3761
13.5905,13.47
13.6229,13.5639
13.6553,13.6578
13.6876,13.7517
13.72,13.8456
13.7524,13.9395
13.7847,14.0334
13.8171,14.1273
13.8495,14.2212
13.8819,14.3151
13.9142,14.409
13.9466,14.5029
13.979,14.5968
14.0114,14.6907
14.0437,14.7846
14.0761,14.8785
14.1085,14.9724
14.1409,15.0663
14.1732,15.1601
14.2056,15.254
14.238,15.3479
14.2703,15.4418
14.3027,15.5357
14.3351,15.6296
14.3675,15.7235
14.3998,15.8174
14.4322,15.9113
14.4646,16.0052
14.497,16.0991
14.5293,16.193
14.5617,16.2869
14.5941,16.3808
14.6265,16.4747
14.6588,16.5686
14.6912,16.6625
14.7236,16.7564
14.7559,16.8503
14.7883,16.9442
14.8207,17.0381
14.8531,17.132
14.8854,17.2259
14.9178,17.3198
14.9502,17.4137
14.9826,17.5076
15.0149,17.6015
15.0473,17.6954
15.0797,17.7893
15.1121,17.8832
15.1444,17.9771
15.1768,18.071
15.2092,18.1649
15.2415,18.2588
15.2739,18.3527
15.3063,18.4466
15.3387,18.5405
15.3387,18.5405
15.242,18.5571
15.1452,18.5738
15.0485,18.5904
14.9518,18.607
14.8551,18.6237
14.8551,18.6237
14.8228,18.5299
14.7905,18.4362
14.7582,18.3425
14.7258,18.2487
14.6935,18.155
14.6612,18.0613
14.6289,17.9676
14.5966,17.8738
14.5643,17.7801
14.532,17.6864
14.4996,17.5926
14.4673,17.4989
14.435,17.4052
14.4027,17.3114
14.3704,17.2177
14.3381,17.124
14.3058,17.0303
14.2734,16.9365
14.2411,16.8428
14.2088,16.7491
14.1765,16.6553
14.1442,16.5616
14.1119,16.4679
14.0795,16.3742
14.0472,16.2804
14.0149,16.1867
13.9826,16.093
13.9503,15.9992
13.918,15.9055
13.8857,15.8118
13.8533,15.7181
13.821,15.6243
13.7887,15.5306
13.7564,15.4369
13.7241,15.3431
13.6918,15.2494
13.6595,15.1557
13.6271,15.062
13.5948,14.9682
13.5625,14.8745
13.5302,14.7808
13.4979,14.687
13.4656,14.5933
13.4333,14.4996
13.4009,14.4059
13.3686,14.3121
13.3363,14.2184
13.304,14.1247
13.2717,14.0309
13.2394,13.9372
13.207,13.8435
13.1747,13.7498
13.1424,13.656
13.1101,13.5623
13.0778,13.4686
13.0455,13.3748
13.0132,13.2811
12.9808,13.1874
12.9485,13.0937
12.9162,12.9999
12.8839,12.9062
12.8516,12.8125
12.8193,12.7187
12.787,12.625
12.7546,12.5313
12.7223,12.4375
12.69,12.3438
12.6577,12.2501
12.6254,12.1564
12.5931,12.0626
12.5608,11.9689
12.5284,11.8752
12.4961,11.7814
12.4638,11.6877
12.4315,11.594
12.3992,11.5003
12.3669,11.4065
12.3345,11.3128
12.3022,11.2191
12.2699,11.1253
12.2376,11.0316
12.2053,10.9379
12.173,10.8442
12.1407,10.7504
12.1083,10.6567
12.076,10.563
12.0437,10.4692
12.0114,10.3755
11.9791,10.2818
11.9468,10.1881
11.9145,10.0943
11.8821,10.0006
11.8498,9.90687
11.8175,9.81314
11.7852,9.71941
11.7529,9.62568
11.7206,9.53196
11.6883,9.43823
11.6559,9.3445
11.6236,9.25077
11.5913,9.15704
11.559,9.06331
11.559,9.06331
11.474,9.06441
11.389,9.0655
11.304,9.06659
11.219,9.06769
11.134,9.06878
11.049,9.06988
11.049,9.06988
11.0816,9.16436
11.1142,9.25884
11.1467,9.35332
11.1793,9.4478
11.2119,9.54228
11.2445,9.63676
11.277,9.73124
11.3096,9.82572
11.3422,9.92019
11.3748,10.0147
11.4073,10.1092
11.4399,10.2036
11.4725,10.2981
11.5051,10.3926
11.5376,10.4871
11.5702,10.5816
11.6028,10.676
11.6354,10.7705
11.6679,10.865
11.7005,10.9595
11.7331,11.054
11.7656,11.1484
11.7982,11.2429
11.8308,11.3374
11.8634,11.4319
11.8959,11.5264
11.9285,11.6208
11.9611,11.7153
11.9937,11.8098
12.0262,11.9043
12.0588,11.9987
12.0914,12.0932
12.124,12.1877
12.1565,12.2822
12.1891,12.3767
12.2217,12.4711
12.2543,12.5656
12.2868,12.6601
12.3194,12.7546
12.352,12.8491
12.3845,12.9435
12.4171,13.038
12.4497,13.1325
12.4823,13.227
12.5148,13.3215
12.5474,13.4159
12.58,13.5104
12.6126,13.6049
12.6451,13.6994
12.6777,13.7939
12.7103,13.8883
12.7429,13.9828
12.7754,14.0773
12.808,14.1718
12.8406,14.2663
12.8732,14.3607
12.9057,14.4552
12.9383,14.5497
12.9709,14.6442
13.0034,14.7387
13.036,14.8331
13.0686,14.9276
13.1012,15.0221
13.1337,15.1166
13.1663,15.2111
13.1989,15.3055
13.2315,15.4
13.264,15.4945
13.2966,15.589
13.3292,15.6835
13.3618,15.7779
13.3943,15.8724
13.4269,15.9669
13.4595,16.0614
13.4921,16.1559
13.5246,16.2503
13.5572,16.3448
13.5898,16.4393
13.6223,16.5338
13.6549,16.6283
13.6875,16.7227
13.7201,16.8172
13.7526,16.9117
13.7852,17.0062
13.8178,17.1007
13.8504,17.1951
13.8829,17.2896
13.9155,17.3841
13.9481,17.4786
13.9807,17.5731
14.0132,17.6675
14.0458,17.762
14.0784,17.8565
14.111,17.951
14.1435,18.0455
14.1761,18.1399
14.2087,18.2344
14.2412,18.3289
14.2738,18.4234
14.3064,18.5178
14.339,18.6123
14.3715,18.7068
14.3715,18.7068
14.2748,18.7234
14.1781,18.7401
14.0814,18.7567
13.9847,18.7733
13.888,18.79
13.888,18.79
13.8555,18.6957
13.823,18.6014
13.7904,18.507
13.7579,18.4127
13.7254,18.3184
13.6929,18.2241
13.6604,18.1298
13.6279,18.0355
13.5954,17.9412
13.5628,17.8469
13.5303,17.7526
13.4978,17.6583
13.4653,17.564
13.4328,17.4697
13.4003,17.3754
13.3678,17.2811
13.3352,17.1868
13.3027,17.0925
13.2702,16.9981
13.2377,16.9038
13.2052,16.8095
13.1727,16.7152
13.1402,16.6209
13.1076,16.5266
13.0751,16.4323
13.0426,16.338
13.0101,16.2437
12.9776,16.1494
12.9451,16.0551
12.9126,15.9608
12.88,15.8665
12.8475,15.7722
12.815,15.6779
12.7825,15.5836
12.75,15.4893
12.7175,15.3949
12.685,15.3006
12.6525,15.2063
12.6199,15.112
12.5874,15.0177
12.5549,14.9234
12.5224,14.8291
12.4899,14.7348
12.4574,14.6405
12.4249,14.5462
12.3923,14.4519
12.3598,14.3576
12.3273,14.2633
12.2948,14.169
12.2623,14.0747
12.2298,13.9804
12.1973,13.886
12.1647,13.7917
12.1322,13.6974
12.0997,13.6031
12.0672,13.5088
12.0347,13.4145
12.0022,13.3202
11.9697,13.2259
11.9371,13.1316
11.9046,13.0373
11.8721,12.943
11.8396,12.8487
11.8071,12.7544
11.7746,12.6601
11.7421,12.5658
11.7096,12.4715
11.677,12.3772
11.6445,12.2828
11.612,12.1885
11.5795,12.0942
11.547,11.9999
11.5145,11.9056
11.482,11.8113
11.4494,11.717
11.4169,11.6227
11.3844,11.5284
11.3519,11.4341
11.3194,11.3398
11.2869,11.2455
11.2544,11.1512
11.2218,11.0569
11.1893,10.9626
11.1568,10.8683
11.1243,10.774
11.0918,10.6796
11.0593,10.5853
11.0268,10.491
10.9942,10.3967
10.9617,10.3024
10.9292,10.2081
10.8967,10.1138
10.8642,10.0195
10.8317,9.9252
10.7992,9.83089
10.7667,9.73658
10.7341,9.64228
10.7016,9.54797
10.6691,9.45367
10.6366,9.35936
10.6041,9.26505
10.5716,9.17075
10.5391,9.07644
10.5391,9.07644
10.4541,9.07754
10.3691,9.07863
10.2841,9.07973
10.1991,9.08082
10.1141,9.08191
10.0291,9.08301
10.0291,9.08301
10.0615,9.17714
10.094,9.27128
10.1265,9.36542
10.1589,9.45955
10.1914,9.55369
10.2238,9.64782
10.2563,9.74196
10.2887,9.83609
10.3212,9.93023
10.3536,10.0244
10.3861,10.1185
10.4185,10.2126
10.451,10.3068
10.4835,10.4009
10.5159,10.495
10.5484,10.5892
10.5808,10.6833
10.6133,10.7775
10.6457,10.8716
10.6782,10.9657
10.7106,11.0599
10.7431,11.154
10.7756,11.2481
10.808,11.3423
10.8405,11.4364
10.8729,11.5305
10.9054,11.6247
10.9378,11.7188
10.9703,11.8129
11.0027,11.9071
11.0352,12.0012
11.0676,12.0954
11.1001,12.1895
11.1326,12.2836
11.165,12.3778
11.1975,12.4719
11.2299,12.566
11.2624,12.6602
11.2948,12.7543
11.3273,12.8484
11.3597,12.9426
11.3922,13.0367
11.4247,13.1308
11.4571,13.225
11.4896,13.3191
11.522,13.4132
11.5545,13.5074
11.5869,13.6015
11.6194,13.6957
11.6518,13.7898
11.6843,13.8839
11.7168,13.9781
11.7492,14.0722
11.7817,14.1663
11.8141,14.2605
11.8466,14.3546
11.879,14.4487
11.9115,14.5429
11.9439,14.637
11.9764,14.7311
12.0088,14.8253
12.0413,14.9194
12.0738,15.0136
12.1062,15.1077
12.1387,15.2018
12.1711,15.296
12.2036,15.3901
12.236,15.4842
12.2685,15.5784
12.3009,15.6725
12.3334,15.7666
12.3659,15.8608
12.3983,15.9549
12.4308,16.049
12.4632,16.1432
12.4957,16.2373
12.5281,16.3315
12.5606,16.4256
12.593,16.5197
12.6255,16.6139
12.6579,16.708
12.6904,16.8021
12.7229,16.8963
12.7553,16.9904
12.7878,17.0845
12.8202,17.1787
12.8527,17.2728
12.8851,17.3669
12.9176,17.4611
12.95,17.5552
12.9825,17.6494
13.015,17.7435
13.0474,17.8376
13.0799,17.9318
13.1123,18.0259
13.1448,18.12
13.1772,18.2142
13.2097,18.3083
13.2421,18.4024
13.2746,18.4966
13.307,18.5907
13.3395,18.6848
13.372,18.779
13.4044,18.8731
13.4044,18.8731
13.3077,18.8897
13.211,18.9064
13.1143,18.923
13.0176,18.9396
12.9209,18.9563
12.9209,18.9563
12.8885,18.8623
12.8561,18.7683
12.8237,18.6744
12.7913,18.5804
12.7589,18.4864
12.7265,18.3925
12.6941,18.2985
12.6617,18.2045
12.6293,18.1106
12.5969,18.0166
12.5645,17.9226
12.5321,17.8286
12.4997,17.7347
12.4673,17.6407
12.4349,17.5467
12.4025,17.4528
12.3701,17.3588
12.3377,17.2648
12.3053,17.1709
12.2729,17.0769
12.2405,16.9829
12.2081,16.889
12.1757,16.795
12.1433,16.701
12.1109,16.6071
12.0785,16.5131
12.0461,16.4191
12.0137,16.3252
11.9813,16.2312
11.9489,16.1372
11.9165,16.0432
11.8841,15.9493
11.8517,15.8553
11.8193,15.7613
11.7869,15.6674
11.7545,15.5734
11.7221,15.4794
11.6897,15.3855
11.6574,15.2915
11.625,15.1975
11.5926,15.1036
11.5602,15.0096
11.5278,14.9156
11.4954,14.8217
11.463,14.7277
11.4306,14.6337
11.3982,14.5398
11.3658,14.4458
11.3334,14.3518
11.301,14.2578
11.2686,14.1639
11.2362,14.0699
11.2038,13.9759
11.1714,13.882
11.139,13.788
11.1066,13.694
11.0742,13.6001
11.0418,13.5061
11.0094,13.4121
10.977,13.3182
10.9446,13.2242
10.9122,13.1302
10.8798,13.0363
10.8474,12.9423
10.815,12.8483
10.7826,12.7543
10.7502,12.6604
10.7178,12.5664
10.6854,12.4724
10.653,12.3785
10.6206,12.2845
10.5882,12.1905
10.5558,12.0966
10.5234,12.0026
10.491,11.9086
10.4586,11.8147
10.4262,11.7207
10.3938,11.6267
10.3615,11.5328
10.3291,11.4388
10.2967,11.3448
10.2643,11.2509
10.2319,11.1569
10.1995,11.0629
10.1671,10.9689
10.1347,10.875
10.1023,10.781
10.0699,10.687
10.0375,10.5931
10.0051,10.4991
9.97268,10.4051
9.94028,10.3112
9.90789,10.2172
9.87549,10.1232
9.84309,10.0293
9.81069,9.93529
9.7783,9.84132
9.7459,9.74735
9.7135,9.65339
9.6811,9.55942
9.64871,9.46545
9.61631,9.37148
9.58391,9.27751
9.55151,9.18354
9.51912,9.08957
9.51912,9.08957
9.43412,9.09067
9.34913,9.09176
9.26413,9.09286
9.17914,9.09395
9.09414,9.09505
9.00915,9.09614
9.00915,9.09614
9.04149,9.18994
9.07383,9.28375
9.10617,9.37755
9.13851,9.47136
9.17085,9.56516
9.20319,9.65897
9.23554,9.75277
9.26788,9.84658
9.30022,9.94038
9.33256,10.0342
9.3649,10.128
9.39724,10.2218
9.42958,10.3156
9.46192,10.4094
9.49426,10.5032
9.5266,10.597
9.55894,10.6908
9.59129,10.7846
9.62363,10.8784
9.65597,10.9722
9.68831,11.066
9.72065,11.1598
9.75299,11.2536
9.78533,11.3475
9.81767,11.4413
9.85001,11.5351
9.88235,11.6289
9.91469,11.7227
9.94704,11.8165
9.97938,11.9103
10.0117,12.0041
10.0441,12.0979
10.0764,12.1917
10.1087,12.2855
10.1411,12.3793
10.1734,12.4731
10.2058,12.5669
10.2381,12.6607
10.2704,12.7545
10.3028,12.8483
10.3351,12.9421
10.3675,13.0359
10.3998,13.1297
10.4321,13.2235
10.4645,13.3173
10.4968,13.4112
10.5292,13.505
10.5615,13.5988
10.5939,13.6926
10.6262,13.7864
10.6585,13.8802
10.6909,13.974
10.7232,14.0678
10.7556,14.1616
10.7879,14.2554
10.8202,14.3492
10.8526,14.443
10.8849,14.5368
10.9173,14.6306
10.9496,14.7244
10.9819,14.8182
11.0143,14.912
11.0466,15.0058
11.079,15.0996
11.1113,15.1934
11.1437,15.2872
11.176,15.381
11.2083,15.4749
11.2407,15.5687
11.273,15.6625
11.3054,15.7563
11.3377,15.8501
11.37,15.9439
11.4024,16.0377
11.4347,16.1315
11.4671,16.2253
11.4994,16.3191
11.5317,16.4129
11.5641,16.5067
11.5964,16.6005
11.6288,16.6943
11.6611,16.7881
11.6934,16.8819
11.7258,16.9757
11.7581,17.0695
11.7905,17.1633
11.8228,17.2571
11.8552,17.3509
11.8875,17.4447
11.9198,17.5386
11.9522,17.6324
11.9845,17.7262
12.0169,17.82
12.0492,17.9138
12.0815,18.0076
12.1139,18.1014
12.1462,18.1952
12.1786,18.289
12.2109,18.3828
12.2432,18.4766
12.2756,18.5704
12.3079,18.6642
12.3403,18.758
12.3726,18.8518
12.4049,18.9456
12.4373,19.0394
12.4373,19.0394
12.3406,19.0561
12.2439,19.0727
12.1472,19.0893
12.0504,19.106
11.9537,19.1226
11.9537,19.1226
11.9211,19.0281
11.8885,18.9335
11.856,18.839
11.8234,18.7445
11.7908,18.6499
11.7582,18.5554
11.7256,18.4609
11.693,18.3664
11.6604,18.2718
11.6278,18.1773
11.5952,18.0828
11.5626,17.9883
11.5301,17.8937
11.4975,17.7992
11.4649,17.7047
11.4323,17.6101
11.3997,17.5156
11.3671,17.4211
11.3345,17.3266
11.3019,17.232
11.2693,17.1375
11.2367,17.043
11.2042,16.9485
11.1716,16.8539
11.139,16.7594
11.1064,16.6649
11.0738,16.5704
11.0412,16.4758
11.0086,16.3813
10.976,16.2868
10.9434,16.1922
10.9108,16.0977
10.8783,16.0032
10.8457,15.9087
10.8131,15.8141
10.7805,15.7196
10.7479,15.6251
10.7153,15.5306
10.6827,15.436
10.6501,15.3415
10.6175,15.247
10.5849,15.1524
10.5524,15.0579
10.5198,14.9634
10.4872,14.8689
10.4546,14.7743
10.422,14.6798
10.3894,14.5853
10.3568,14.4908
10.3242,14.3962
10.2916,14.3017
10.259,14.2072
10.2265,14.1126
10.1939,14.0181
10.1613,13.9236
10.1287,13.8291
10.0961,13.7345
10.0635,13.64
10.0309,13.5455
9.99832,13.451
9.96573,13.3564
9.93314,13.2619
9.90055,13.1674
9.86796,13.0728
9.83537,12.9783
9.80278,12.8838
9.77019,12.7893
9.7376,12.6947
9.70501,12.6002
9.67242,12.5057
9.63983,12.4112
9.60724,12.3166
9.57465,12.2221
9.54206,12.1276
9.50947,12.033
9.47688,11.9385
9.44429,11.844
9.4117,11.7495
9.37911,11.6549
9.34652,11.5604
9.31393,11.4659
9.28134,11.3714
9.24875,11.2768
9.21616,11.1823
9.18357,11.0878
9.15098,10.9932
9.11839,10.8987
9.0858,10.8042
9.05321,10.7097
9.02062,10.6151
8.98803,10.5206
8.95544,10.4261
8.92285,10.3316
8.89026,10.237
8.85767,10.1425
8.82508,10.048
8.79249,9.95345
8.7599,9.85892
8.72731,9.7644
8.69472,9.66987
8.66213,9.57534
8.62954,9.48081
8.59695,9.38629
8.56436,9.29176
8.53177,9.19723
8.49918,9.10271
8.49918,9.10271
8.40093,9.11488
8.30268,9.12706
8.20443,9.13924
8.10619,9.15141
8.00794,9.16359
8.00794,9.16359
8.04029,9.25744
8.07265,9.35129
8.10501,9.44514
8.13737,9.539
8.16972,9.63285
8.20208,9.7267
8.23444,9.82055
8.2668,9.9144
8.29915,10.0083
8.33151,10.1021
8.36387,10.196
8.39622,10.2898
8.42858,10.3837
8.46094,10.4775
8.4933,10.5714
8.52565,10.6652
8.55801,10.7591
8.59037,10.8529
8.62273,10.9468
8.65508,11.0406
8.68744,11.1345
8.7198,11.2283
8.75215,11.3222
8.78451,11.416
8.81687,11.5099
8.84923,11.6037
8.88158,11.6976
8.91394,11.7914
8.9463,11.8853
8.97865,11.9791
9.01101,12.073
9.04337,12.1668
9.07573,12.2607
9.10808,12.3546
9.14044,12.4484
9.1728,12.5423
9.20516,12.6361
9.23751,12.73
9.26987,12.8238
9.30223,12.9177
9.33458,13.0115
9.36694,13.1054
9.3993,13.1992
9.43166,13.2931
9.46401,13.3869
9.49637,13.4808
9.52873,13.5746
9.56109,13.6685
9.59344,13.7623
9.6258,13.8562
9.65816,13.95
9.69051,14.0439
9.72287,14.1377
9.75523,14.2316
9.78759,14.3254
9.81994,14.4193
9.8523,14.5131
9.88466,14.607
9.91702,14.7008
9.94937,14.7947
9.98173,14.8886
10.0141,14.9824
10.0464,15.0763
10.0788,15.1701
10.1112,15.264
10.1435,15.3578
10.1759,15.4517
10.2082,15.5455
10.2406,15.6394
10.2729,15.7332
10.3053,15.8271
10.3377,15.9209
10.37,16.0148
10.4024,16.1086
10.4347,16.2025
10.4671,16.2963
10.4994,16.3902
10.5318,16.484
10.5642,16.5779
10.5965,16.6717
10.6289,16.7656
10.6612,16.8594
10.6936,16.9533
10.7259,17.0471
10.7583,17.141
10.7907,17.2348
10.823,17.3287
10.8554,17.4226
10.8877,17.5164
10.9201,17.6103
10.9524,17.7041
10.9848,17.798
11.0172,17.8918
11.0495,17.9857
11.0819,18.0795
11.1142,18.1734
11.1466,18.2672
11.1789,18.3611
11.2113,18.4549
11.2437,18.5488
11.276,18.6426
11.3084,18.7365
11.3407,18.8303
11.3731,18.9242
11.4054,19.018
11.4378,19.1119
11.4702,19.2057
11.4702,19.2057
11.3735,19.2224
11.2767,19.239
11.18,19.2556
11.0833,19.2723
10.9866,19.2889
10.9866,19.2889
10.9541,19.1947
10.9217,19.1006
10.8892,19.0064
10.8567,18.9122
10.8243,18.8181
10.7918,18.7239
10.7593,18.6297
10.7269,18.5356
10.6944,18.4414
10.6619,18.3472
10.6295,18.2531
10.597,18.1589
10.5645,18.0647
10.5321,17.9706
10.4996,17.8764
10.4671,17.7822
10.4347,17.6881
10.4022,17.5939
10.3697,17.4997
10.3373,17.4055
10.3048,17.3114
10.2723,17.2172
10.2399,17.123
10.2074,17.0289
10.1749,16.9347
10.1425,16.8405
10.11,16.7464
10.0776,16.6522
10.0451,16.558
10.0126,16.4639
9.98015,16.3697
9.94769,16.2755
9.91522,16.1814
9.88276,16.0872
9.85029,15.993
9.81782,15.8989
9.78536,15.8047
9.75289,15.7105
9.72043,15.6164
9.68796,15.5222
9.65549,15.428
9.62303,15.3339
9.59056,15.2397
9.5581,15.1455
9.52563,15.0514
9.49316,14.9572
9.4607,14.863
9.42823,14.7689
9.39577,14.6747
9.3633,14.5805
9.33083,14.4864
9.29837,14.3922
9.2659,14.298
9.23344,14.2039
9.20097,14.1097
9.1685,14.0155
9.13604,13.9214
9.10357,13.8272
9.07111,13.733
9.03864,13.6389
9.00617,13.5447
8.97371,13.4505
8.94124,13.3564
8.90878,13.2622
8.87631,13.168
8.84384,13.0739
8.81138,12.9797
8.77891,12.8855
8.74645,12.7914
8.71398,12.6972
8.68151,12.603
8.64905,12.5089
8.61658,12.4147
8.58412,12.3205
8.55165,12.2263
8.51919,12.1322
8.48672,12.038
8.45425,11.9438
8.42179,11.8497
8.38932,11.7555
8.35685,11.6613
8.32439,11.5672
8.29192,11.473
8.25946,11.3788
8.22699,11.2847
8.19452,11.1905
8.16206,11.0963
8.12959,11.0022
8.09713,10.908
8.06466,10.8138
8.0322,10.7197
7.99973,10.6255
7.96726,10.5313
7.9348,10.4372
7.90233,10.343
7.86986,10.2488
7.8374,10.1547
7.80493,10.0605
7.77247,9.96633
7.74,9.87217
7.70754,9.778
7.67507,9.68383
7.6426,9.58966
7.61014,9.4955
7.57767,9.40133
7.54521,9.30716
7.54521,9.30716
7.45266,9.33588
7.36011,9.36459
7.26757,9.39331
7.17502,9.42202
7.08247,9.45074
7.08247,9.45074
7.11501,9.54511
7.14755,9.63949
7.18009,9.73387
7.21263,9.82825
7.24516,9.92262
7.2777,10.017
7.31024,10.1114
7.34278,10.2058
7.37532,10.3001
7.40786,10.3945
7.44039,10.4889
7.47293,10.5833
7.50547,10.6776
7.53801,10.772
7.57055,10.8664
7.60309,10.9608
7.63562,11.0551
7.66816,11.1495
7.7007,11.2439
7.73324,11.3383
7.76578,11.4327
7.79831,11.527
7.83085,11.6214
7.86339,11.7158
7.89593,11.8102
7.92847,11.9045
7.96101,11.9989
7.99354,12.0933
8.02608,12.1877
8.05862,12.282
8.09116,12.3764
8.1237,12.4708
8.15624,12.5652
8.18877,12.6596
8.22131,12.7539
8.25385,12.8483
8.28639,12.9427
8.31893,13.0371
8.35147,13.1314
8.384,13.2258
8.41654,13.3202
8.44908,13.4146
8.48162,13.5089
8.51416,13.6033
8.54669,13.6977
8.57923,13.7921
8.61177,13.8865
8.64431,13.9808
8.67685,14.0752
8.70939,14.1696
8.74192,14.264
8.77446,14.3583
8.807,14.4527
8.83954,14.5471
8.87208,14.6415
8.90462,14.7358
8.93715,14.8302
8.96969,14.9246
9.00223,15.019
9.03477,15.1134
9.06731,15.2077
9.09984,15.3021
9.13238,15.3965
9.16492,15.4909
9.19746,15.5852
9.23,15.6796
9.26254,15.774
9.29507,15.8684
9.32761,15.9627
9.36015,16.0571
9.39269,16.1515
9.42523,16.2459
9.45777,16.3403
9.4903,16.4346
9.52284,16.529
9.55538,16.6234
9.58792,16.7178
9.62046,16.8121
9.653,16.9065
9.68553,17.0009
9.71807,17.0953
9.75061,17.1896
9.78315,17.284
9.81569,17.3784
9.84822,17.4728
9.88076,17.5672
9.88076,17.5672
9.83094,17.4846
9.78113,17.402
9.73131,17.3194
9.68149,17.2368
9.63167,17.1542
9.58185,17.0716
9.53203,16.989
9.48221,16.9064
9.43239,16.8238
9.38258,16.7412
9.33276,16.6586
9.28294,16.576
9.23312,16.4934
9.1833,16.4108
9.13348,16.3282
9.08366,16.2457
9.03384,16.1631
8.98403,16.0805
8.93421,15.9979
8.88439,15.9153
8.83457,15.8327
8.78475,15.7501
8.73493,15.6675
8.68511,15.5849
8.68511,15.5849
8.65284,15.4913
8.62057,15.3977
8.5883,15.3041
8.55603,15.2105
8.52376,15.1169
8.49148,15.0233
8.45921,14.9297
8.42694,14.8361
8.39467,14.7425
8.3624,14.6489
8.33013,14.5553
8.29785,14.4617
8.26558,14.3681
8.23331,14.2745
8.20104,14.1809
8.16877,14.0873
8.1365,13.9937
8.10423,13.9
8.07195,13.8064
8.03968,13.7128
8.00741,13.6192
7.97514,13.5256
7.94287,13.432
7.9106,13.3384
7.87833,13.2448
7.84605,13.1512
7.81378,13.0576
7.78151,12.964
7.74924,12.8704
7.71697,12.7768
7.6847,12.6832
7.65243,12.5896
7.62015,12.496
7.58788,12.4024
7.55561,12.3088
7.52334,12.2152
7.49107,12.1216
7.4588,12.028
7.42653,11.9344
7.39425,11.8408
7.36198,11.7472
7.32971,11.6536
7.29744,11.56
7.26517,11.4664
7.2329,11.3728
7.20063,11.2792
7.16835,11.1856
7.13608,11.092
7.10381,10.9984
7.07154,10.9048
7.03927,10.8112
7.007,10.7175
6.97473,10.6239
6.94245,10.5303
6.91018,10.4367
6.87791,10.3431
6.84564,10.2495
6.81337,10.1559
6.7811,10.0623
6.74883,9.96872
6.71655,9.87512
6.68428,9.78152
6.65201,9.68791
6.61974,9.59431
6.61974,9.59431
6.61359,9.69077
6.60745,9.78723
6.6013,9.88369
6.59515,9.98015
6.58901,10.0766
6.58286,10.1731
6.57671,10.2695
6.57057,10.366
6.56442,10.4624
6.55827,10.5589
6.55213,10.6554
6.54598,10.7518
6.53983,10.8483
6.53983,10.8483
6.57149,10.9401
6.60314,11.0319
6.6348,11.1237
6.66645,11.2155
6.69811,11.3073
6.72976,11.3991
6.76141,11.491
6.79307,11.5828
6.82472,11.6746
6.85638,11.7664
6.88803,11.8582
6.91968,11.95
6.95134,12.0418
6.98299,12.1336
7.01465,12.2255
7.0463,12.3173
7.07796,12.4091
7.10961,12.5009
7.14126,12.5927
7.17292,12.6845
7.20457,12.7763
7.23623,12.8682
7.26788,12.96
7.29954,13.0518
7.33119,13.1436
7.36284,13.2354
7.3945,13.3272
7.42615,13.419
7.45781,13.5108
7.48946,13.6027
7.48946,13.6027
7.52918,13.6915
7.56889,13.7804
7.60861,13.8693
7.64832,13.9582
7.68804,14.0471
7.72775,14.136
7.76747,14.2249
7.80719,14.3138
7.8469,14.4027
7.88662,14.4916
7.92633,14.5805
7.96605,14.6694
8.00576,14.7583
8.04548,14.8472
8.0852,14.936
8.12491,15.0249
8.16463,15.1138
8.20434,15.2027
8.24406,15.2916
8.28377,15.3805
8.32349,15.4694
8.32349,15.4694
8.37082,15.5479
8.41815,15.6263
8.46548,15.7048
8.51281,15.7833
8.56014,15.8617
8.60747,15.9402
8.6548,16.0187
8.70213,16.0971
8.74946,16.1756
8.79679,16.2541
8.79679,16.2541
8.84718,16.3376
8.89756,16.4212
8.94795,16.5047
8.99834,16.5882
9.04872,16.6718
9.09911,16.7553
9.1495,16.8388
9.19988,16.9224
9.25027,17.0059
9.30066,17.0894
9.35104,17.173
9.40143,17.2565
9.45181,17.34
9.5022,17.4236
9.55259,17.5071
9.60297,17.5906
9.65336,17.6742
9.70375,17.7577
9.75413,17.8412
9.80452,17.9248
9.85491,18.0083
9.90529,18.0918
9.95568,18.1754
10.0061,18.2589
10.0565,18.3425
10.1068,18.426
10.1572,18.5095
10.2076,18.5931
10.258,18.6766
10.3084,18.7601
10.3588,18.8437
10.4092,18.9272
10.4595,19.0107
10.5099,19.0943
10.5603,19.1778
10.6107,19.2613
10.6611,19.3449
10.236,19.418
10.3211,19.4033
10.4061,19.3887
10.4911,19.3741
10.5761,19.3595
10.6611,19.3449
10.236,19.418
10.186,19.3349
10.1359,19.2519
10.0858,19.1689
10.0357,19.0859
9.98567,19.0029
9.9356,18.9199
9.88552,18.8368
9.83545,18.7538
9.78538,18.6708
9.7353,18.5878
9.68523,18.5048
9.63515,18.4218
9.58508,18.3387
9.535,18.2557
9.48493,18.1727
9.43486,18.0897
9.38478,18.0067
9.33471,17.9237
9.28463,17.8406
9.23456,17.7576
9.18449,17.6746
9.18449,17.6746
9.21033,17.7693
9.23618,17.864
9.26202,17.9587
9.28787,18.0534
9.31372,18.1481
9.33956,18.2428
9.36541,18.3375
9.39126,18.4322
9.4171,18.5269
9.44295,18.6216
9.46879,18.7163
9.49464,18.811
9.52049,18.9057
9.54633,19.0004
9.57218,19.0951
9.57218,19.0951
9.57218,19.0951
9.57218,19.0951
9.65986,19.1294
9.74754,19.1636
9.83522,19.1979
9.9229,19.2321
10.0106,19.2664
10.0983,19.3007
10.1859,19.3349
10.2736,19.3692
10.3613,19.4034
10.449,19.4377
10.5367,19.4719
10.6244,19.5062
10.712,19.5404
10.7997,19.5747
10.7997,19.5747
10.8747,19.5108
10.9498,19.4468
11.0248,19.3829
11.0998,19.319
11.1749,19.255
11.2499,19.1911
11.3249,19.1272
11.4,19.0632
11.475,18.9993
11.55,18.9354
11.6251,18.8714
11.7001,18.8075
11.7751,18.7436
11.8501,18.6796
11.9252,18.6157
12.0002,18.5518
12.0752,18.4878
12.1503,18.4239
12.2253,18.36
12.3003,18.296
12.3754,18.2321
12.4504,18.1682
12.5254,18.1042
12.6005,18.0403
12.6755,17.9764
12.7505,17.9124
12.8255,17.8485
12.9006,17.7846
12.9756,17.7206
13.0506,17.6567
13.1257,17.5928
13.2007,17.5288
13.2757,17.4649
13.3508,17.401
13.4258,17.337
13.5008,17.2731
13.5758,17.2092
13.6509,17.1452
13.7259,17.0813
13.8009,17.0174
13.876,16.9534
13.951,16.8895
14.026,16.8256
14.1011,16.7616
14.1761,16.6977
14.2511,16.6338
14.3262,16.5698
14.4012,16.5059
14.4762,16.442
14.5512,16.378
14.6263,16.3141
14.7013,16.2502
14.7763,16.1862
14.8514,16.1223
14.9264,16.0584
15.0014,15.9944
15.0765,15.9305
15.1515,15.8666
15.2265,15.8026
15.3015,15.7387
15.3015,15.7387
15.3226,15.8363
15.3437,15.934
15.3648,16.0316
15.3859,16.1293
15.407,16.2269
15.428,16.3245
15.4491,16.4222
15.4702,16.5198
15.4913,16.6174
15.5124,16.7151
15.5335,16.8127
15.5545,16.9104
15.5756,17.008
15.5967,17.1056
15.6178,17.2033
15.6389,17.3009
15.66,17.3985
15.681,17.4962
15.7021,17.5938
15.7232,17.6915
15.7443,17.7891
15.7654,17.8867
15.7864,17.9844
15.8075,18.082
15.8075,18.082
15.8385,18.1763
15.8694,18.2706
15.9004,18.3649
15.9313,18.4592
15.9623,18.5535
15.9932,18.6478
16.0242,18.7421
16.0551,18.8364
16.0861,18.9307
16.117,19.025
16.148,19.1193
16.1789,19.2136
16.2099,19.3079
16.2408,19.4021
16.2718,19.4964
16.3027,19.5907
16.3337,19.685
16.3646,19.7793
16.3956,19.8736
16.4265,19.9679
16.4575,20.0622
16.4884,20.1565
16.5194,20.2508
16.5503,20.3451
16.5813,20.4394
16.6122,20.5337
16.6432,20.628
16.6741,20.7223
16.7051,20.8166
16.736,20.9109
16.767,21.0052
16.7979,21.0995
16.8289,21.1938
16.8598,21.2881
16.8908,21.3824
16.9217,21.4767
16.9527,21.571
16.5757,21.6271
16.6699,21.6131
16.7642,21.599
16.8584,21.585
16.9527,21.571
16.5757,21.6271
16.5455,21.5353
16.5154,21.4435
16.4853,21.3517
16.4551,21.2599
16.425,21.1681
16.3949,21.0762
16.3647,20.9844
16.3346,20.8926
16.3045,20.8008
16.2743,20.709
16.2442,20.6172
16.214,20.5254
16.1839,20.4335
16.1538,20.3417
16.1236,20.2499
16.0935,20.1581
16.0634,20.0663
16.0332,19.9745
16.0031,19.8827
16.0031,19.8827
16.0004,19.9794
15.9976,20.0761
15.9949,20.1728
15.9922,20.2695
15.9894,20.3662
15.9867,20.4629
15.984,20.5596
15.9813,20.6563
15.9785,20.7531
15.9758,20.8498
15.9731,20.9465
15.9703,21.0432
15.9676,21.1399
15.9649,21.2366
15.9621,21.3333
15.9594,21.43
15.9567,21.5267
15.9539,21.6235
15.9512,21.7202
15.9512,21.7202
16.0198,21.7731
16.0884,21.8261
16.1571,21.8791
16.2257,21.932
16.2257,21.932
16.3245,21.9173
16.4234,21.9026
16.5222,21.8878
16.6211,21.8731
16.7199,21.8584
16.8188,21.8437
16.9176,21.8289
17.0165,21.8142
17.1153,21.7995
17.2141,21.7848
17.313,21.77
17.4118,21.7553
17.5107,21.7406
17.6095,21.7258
17.7084,21.7111
17.8072,21.6964
17.9061,21.6817
18.0049,21.6669
18.1038,21.6522
18.2026,21.6375
18.3014,21.6227
18.4003,21.608
18.4991,21.5933
18.598,21.5786
18.6968,21.5638
18.7957,21.5491
18.8945,21.5344
18.9934,21.5196
19.0922,21.5049
19.1911,21.4902
19.2899,21.4755
19.3887,21.4607
19.4876,21.446
19.5864,21.4313
19.6853,21.4166
19.7841,21.4018
19.883,21.3871
19.9818,21.3724
20.0807,21.3576
20.1795,21.3429
20.2784,21.3282
20.3772,21.3135
20.476,21.2987
20.5749,21.284
20.6737,21.2693
20.7726,21.2545
20.8714,21.2398
20.9703,21.2251
21.0691,21.2104
21.168,21.1956
21.2668,21.1809
21.3657,21.1662
21.4645,21.1514
21.5634,21.1367
21.6622,21.122
21.761,21.1073
21.8599,21.0925
21.9587,21.0778
22.0576,21.0631
22.1564,21.0484
22.2553,21.0336
22.3541,21.0189
22.453,21.0042
22.5518,20.9894
22.6507,20.9747
22.7495,20.96
22.8483,20.9453
22.9472,20.9305
23.3781,21.3205
23.3063,21.2555
23.2345,21.1905
23.1627,21.1255
23.0908,21.0605
23.019,20.9955
22.9472,20.9305
23.3781,21.3205
23.2794,21.3352
23.1808,21.3499
23.0821,21.3646
22.9835,21.3793
22.8848,21.394
22.7861,21.4087
22.6875,21.4234
22.5888,21.4381
22.4901,21.4528
22.3915,21.4675
22.2928,21.4822
22.1941,21.4969
22.0955,21.5116
21.9968,21.5263
21.8981,21.541
21.7995,21.5557
21.7008,21.5704
21.6021,21.5851
21.5035,21.5998
21.4048,21.6145
21.3062,21.6292
21.2075,21.644
21.1088,21.6587
21.0102,21.6734
20.9115,21.6881
20.8128,21.7028
20.7142,21.7175
20.6155,21.7322
20.5168,21.7469
20.4182,21.7616
20.3195,21.7763
20.2208,21.791
20.1222,21.8057
20.0235,21.8204
19.9248,21.8351
19.8262,21.8498
19.7275,21.8645
19.6288,21.8792
19.5302,21.8939
19.4315,21.9086
19.3329,21.9233
19.2342,21.938
19.1355,21.9527
19.0369,21.9674
18.9382,21.9821
18.8395,21.9968
18.7409,22.0115
18.6422,22.0262
18.5435,22.0409
18.4449,22.0556
18.3462,22.0703
18.2475,22.085
18.1489,22.0997
18.0502,22.1144
17.9515,22.1291
17.8529,22.1438
17.7542,22.1585
17.6555,22.1732
17.5569,22.1879
17.4582,22.2026
17.3596,22.2173
17.2609,22.232
17.1622,22.2467
17.0636,22.2614
16.9649,22.2761
16.8662,22.2908
16.7676,22.3055
16.6689,22.3202
16.5702,22.3349
16.4716,22.3496
16.3729,22.3643
16.2742,22.379
16.2742,22.379
16.2839,22.4684
16.2937,22.5578
16.3034,22.6472
16.3131,22.7366
16.3228,22.826
16.3228,22.826
16.4213,22.8113
16.5198,22.7966
16.6183,22.782
16.7168,22.7673
16.8153,22.7526
16.9138,22.7379
17.0123,22.7232
17.1108,22.7086
17.2093,22.6939
17.3078,22.6792
17.4063,22.6645
17.5048,22.6499
17.6033,22.6352
17.7018,22.6205
17.8003,22.6058
17.8988,22.5912
17.9973,22.5765
18.0958,22.5618
18.1943,22.5471
18.2929,22.5324
18.3914,22.5178
18.4899,22.5031
18.5884,22.4884
18.6869,22.4737
18.7854,22.4591
18.8839,22.4444
18.9824,22.4297
19.0809,22.415
19.1794,22.4003
19.2779,22.3857
19.3764,22.371
19.4749,22.3563
19.5734,22.3416
19.6719,22.327
19.7704,22.3123
19.8689,22.2976
19.9674,22.2829
20.0659,22.2683
20.1644,22.2536
20.2629,22.2389
20.3614,22.2242
20.4599,22.2095
20.5584,22.1949
20.6569,22.1802
20.7554,22.1655
20.8539,22.1508
20.9524,22.1362
21.0509,22.1215
21.1495,22.1068
21.248,22.0921
21.3465,22.0775
21.445,22.0628
21.5435,22.0481
21.642,22.0334
21.7405,22.0187
21.839,22.0041
21.9375,21.9894
22.036,21.9747
22.1345,21.96
22.233,21.9454
22.3315,21.9307
22.43,21.916
22.5285,21.9013
22.627,21.8867
22.7255,21.872
22.824,21.8573
22.9225,21.8426
23.021,21.8279
23.1195,21.8133
23.218,21.7986
23.3165,21.7839
23.415,21.7692
23.5135,21.7546
23.612,21.7399
23.7105,21.7252
23.809,21.7105
24.24,22.1005
24.1681,22.0355
24.0963,21.9705
24.0245,21.9055
23.9527,21.8405
23.8809,21.7755
23.809,21.7105
24.24,22.1005
24.1423,22.1151
24.0446,22.1296
23.9469,22.1442
23.8493,22.1587
23.7516,22.1733
23.6539,22.1878
23.5563,22.2024
23.4586,22.217
23.3609,22.2315
23.2632,22.2461
23.1656,22.2606
23.0679,22.2752
22.9702,22.2897
22.8725,22.3043
22.7749,22.3188
22.6772,22.3334
22.5795,22.3479
22.4818,22.3625
22.3842,22.377
22.2865,22.3916
22.1888,22.4061
22.0911,22.4207
21.9935,22.4353
21.8958,22.4498
21.7981,22.4644
21.7005,22.4789
21.6028,22.4935
21.5051,22.508
21.4074,22.5226
21.3098,22.5371
21.2121,22.5517
21.1144,22.5662
21.0167,22.5808
20.9191,22.5953
20.8214,22.6099
20.7237,22.6244
20.626,22.639
20.5284,22.6536
20.4307,22.6681
20.333,22.6827
20.2353,22.6972
20.1377,22.7118
20.04,22.7263
19.9423,22.7409
19.8447,22.7554
19.747,22.77
19.6493,22.7845
19.5516,22.7991
19.454,22.8136
19.3563,22.8282
19.2586,22.8428
19.1609,22.8573
19.0633,22.8719
18.9656,22.8864
18.8679,22.901
18.7702,22.9155
18.6726,22.9301
18.5749,22.9446
18.4772,22.9592
18.3795,22.9737
18.2819,22.9883
18.1842,23.0028
18.0865,23.0174
17.9888,23.0319
17.8912,23.0465
17.7935,23.0611
17.6958,23.0756
17.5982,23.0902
17.5005,23.1047
17.5005,23.1047
17.5923,23.1235
17.684,23.1422
17.7758,23.161
17.8676,23.1798
17.9594,23.1986
18.0512,23.2173
18.143,23.2361
18.2347,23.2549
18.3265,23.2736
18.4183,23.2924
18.5101,23.3112
18.6019,23.3299
18.6937,23.3487
18.7854,23.3675
18.7854,23.3675
18.884,23.3528
18.9826,23.3381
19.0812,23.3234
19.1798,23.3087
19.2785,23.294
19.3771,23.2793
19.4757,23.2646
19.5743,23.2499
19.6729,23.2352
19.7715,23.2205
19.8701,23.2059
19.9687,23.1912
20.0673,23.1765
20.1659,23.1618
20.2645,23.1471
20.3631,23.1324
20.4617,23.1177
20.5603,23.103
20.6589,23.0883
20.7575,23.0736
20.8561,23.0589
20.9547,23.0442
21.0533,23.0296
21.1519,23.0149
21.2505,23.0002
21.3491,22.9855
21.4477,22.9708
21.5463,22.9561
21.6449,22.9414
21.7435,22.9267
21.8421,22.912
21.9407,22.8973
22.0393,22.8826
22.1379,22.8679
22.2365,22.8533
22.3351,22.8386
22.4337,22.8239
22.5323,22.8092
22.6309,22.7945
22.7295,22.7798
22.8281,22.7651
22.9267,22.7504
23.0253,22.7357
23.1239,22.721
23.2225,22.7063
23.3211,22.6916
23.4197,22.6769
23.5183,22.6623
23.6169,22.6476
23.7155,22.6329
23.8141,22.6182
23.9128,22.6035
23.9128,22.6035
23.8349,22.6566
23.757,22.7098
23.6792,22.7629
23.6013,22.8161
23.5235,22.8692
23.4456,22.9224
23.3678,22.9755
23.2899,23.0287
23.2899,23.0287
23.3801,23.0046
23.4702,22.9805
23.5604,22.9564
23.6505,22.9323
23.6505,22.9323
23.7387,22.9774
23.8268,23.0225
23.915,23.0676
24.0031,23.1126
24.0913,23.1577
24.1794,23.2028
24.2676,23.2479
24.3557,23.293
24.4439,23.338
24.532,23.3831
24.6202,23.4282
24.7084,23.4733
24.7965,23.5183
24.8847,23.5634
24.9728,23.6085
25.061,23.6536
25.1491,23.6987
25.2373,23.7437
25.3254,23.7888
25.4136,23.8339
25.5017,23.879
25.4011,23.3741
25.4179,23.4583
25.4347,23.5424
25.4514,23.6266
25.4682,23.7107
25.4849,23.7948
25.5017,23.879
25.4011,23.3741
25.3177,23.3315
25.2342,23.2888
25.1508,23.2461
25.0673,23.2034
24.9839,23.1608
24.9004,23.1181
24.817,23.0754
24.7335,23.0328
24.6501,22.9901
24.5667,22.9474
24.4832,22.9047
24.3998,22.8621
24.3163,22.8194
24.2329,22.7767
24.2329,22.7767
24.2946,22.8542
24.3563,22.9316
24.4181,23.0091
24.4798,23.0865
24.5415,23.164
24.6033,23.2415
24.665,23.3189
24.7268,23.3964
24.7885,23.4738
24.8502,23.5513
24.912,23.6287
24.9737,23.7062
25.0354,23.7837
25.0972,23.8611
25.1589,23.9386
25.2206,24.016
25.2206,24.016
25.2206,24.016
25.2206,24.016
25.2571,24.102
25.2935,24.188
25.33,24.274
25.3664,24.36
25.4028,24.446
25.4393,24.532
25.4757,24.618
25.5121,24.7039
25.5486,24.7899
25.585,24.8759
25.6215,24.9619
25.6579,25.0479
25.6943,25.1339
25.7308,25.2199
25.7308,25.2199
25.8103,25.2795
25.8899,25.3391
25.9695,25.3987
26.049,25.4584
26.1286,25.518
26.1286,25.518
26.2246,25.5292
26.3206,25.5404
26.4165,25.5516
26.5125,25.5628
26.6085,25.574
26.7045,25.5852
26.8005,25.5964
26.8964,25.6076
26.9924,25.6187
27.0884,25.6299
27.1844,25.6411
27.2804,25.6523
27.3763,25.6635
27.4723,25.6747
27.5683,25.6859
27.6643,25.6971
27.7603,25.7083
27.8563,25.7195
27.9522,25.7307
28.0482,25.7419
28.1442,25.7531
28.2402,25.7643
28.3362,25.7755
28.4321,25.7867
28.5281,25.7979
28.6241,25.8091
28.6241,25.8091
28.5675,25.7521
28.511,25.6952
28.4544,25.6383
28.3979,25.5813
28.3413,25.5244
28.3413,25.5244
28.4329,25.5351
28.5244,25.5458
28.616,25.5564
28.7075,25.5671
28.7991,25.5778
28.8906,25.5885
28.9822,25.5992
29.0738,25.6098
29.1653,25.6205
29.2569,25.6312
29.3484,25.6419
29.44,25.6526
29.44,25.6526
29.5149,25.6441
29.5898,25.6357
29.5898,25.6357
29.6699,25.5985
29.75,25.5612
29.8301,25.524
29.9102,25.4868
29.9102,25.4868
29.9888,25.4502
30.0674,25.4137
30.146,25.3771
30.2246,25.3406
30.3032,25.304
30.3032,25.304
30.3938,25.2938
30.4844,25.2837
30.575,25.2735
30.6656,25.2633
30.7562,25.2531
30.8468,25.2429
30.9374,25.2328
31.028,25.2226
31.1186,25.2124
31.2092,25.2022
31.2998,25.192
31.2723,25.2191
31.2998,25.192
31.2723,25.2191
31.2723,25.2191
31.2723,25.2191
31.2998,25.192
31.2998,25.192
31.3983,25.192
31.4968,25.1919
31.5953,25.1919
31.6937,25.1918
31.7922,25.1918
31.8907,25.1917
31.9891,25.1916
32.0876,25.1916
32.1861,25.1915
32.2845,25.1915
32.383,25.1914
32.4815,25.1914
32.5799,25.1913
32.6784,25.1912
32.7769,25.1912
32.8754,25.1911
32.9738,25.1911
33.0723,25.191
33.1708,25.191
33.2692,25.1909
33.3677,25.1908
33.4662,25.1908
33.4662,25.1908
33.5566,25.1568
33.647,25.1229
33.7374,25.089
33.8278,25.055
33.9182,25.0211
34.0086,24.9871
34.099,24.9532
34.1894,24.9192
34.2797,24.8853
34.3701,24.8513
34.4605,24.8174
34.5509,24.7835
34.6413,24.7495
34.7317,24.7156
34.8221,24.6816
34.9125,24.6477
35.0029,24.6137
35.0933,24.5798
35.1837,24.5458
34.9844,24.1078
35.0243,24.1954
35.0642,24.283
35.104,24.3706
35.1439,24.4582
35.1837,24.5458
34.9844,24.1078
34.8928,24.1422
34.8011,24.1766
34.7095,24.211
34.6178,24.2454
34.5262,24.2798
34.4345,24.3143
34.3429,24.3487
34.2512,24.3831
34.1596,24.4175
34.0679,24.4519
33.9763,24.4863
33.8846,24.5208
33.7929,24.5552
33.7013,24.5896
33.6096,24.624
33.518,24.6584
33.4263,24.6928
33.3347,24.7273
33.243,24.7617
33.1514,24.7961
33.0597,24.8305
32.9681,24.8649
32.8764,24.8993
32.7848,24.9337
32.6931,24.9682
32.6015,25.0026
32.5098,25.037
32.4181,25.0714
32.3265,25.1058
32.2348,25.1402
32.1432,25.1747
32.0515,25.2091
32.0515,25.2091
32.0764,25.1265
32.1013,25.0438
32.1262,24.9612
32.1511,24.8786
32.176,24.796
32.2009,24.7133
32.2258,24.6307
32.2258,24.6307
32.3172,24.5964
32.4086,24.5621
32.5,24.5278
32.5914,24.4934
32.6828,24.4591
32.7742,24.4248
32.8656,24.3905
32.957,24.3561
33.0484,24.3218
33.1399,24.2875
33.2313,24.2532
33.3227,24.2189
33.4141,24.1845
33.5055,24.1502
33.5969,24.1159
33.6883,24.0816
33.7797,24.0472
33.8711,24.0129
33.9625,23.9786
34.0539,23.9443
34.1453,23.9099
34.2367,23.8756
34.3281,23.8413
34.4195,23.807
34.5109,23.7727
34.6023,23.7383
34.6937,23.704
34.7852,23.6697
34.5859,23.2316
34.6257,23.3192
34.6656,23.4068
34.7054,23.4945
34.7453,23.5821
34.7852,23.6697
34.5859,23.2316
34.4965,23.2652
34.4072,23.2987
34.3178,23.3323
34.2285,23.3658
34.1391,23.3994
34.0498,23.4329
33.9605,23.4665
33.8711,23.5
33.7818,23.5335
33.6924,23.5671
33.6031,23.6006
33.5137,23.6342
33.4244,23.6677
33.335,23.7013
33.2457,23.7348
33.1564,23.7684
33.067,23.8019
33.067,23.8019
33.1371,23.7329
33.2072,23.6638
33.2773,23.5947
33.3474,23.5257
33.4175,23.4566
33.4876,23.3875
33.5577,23.3185
33.6278,23.2494
33.6979,23.1803
33.768,23.1113
33.8381,23.0422
33.9082,22.9732
33.9082,22.9732
33.9082,22.9732
33.9082,22.9732
33.8337,23.0366
33.7592,23.0999
33.6847,23.1633
33.6101,23.2267
33.5356,23.2901
33.4611,23.3535
33.3865,23.4169
33.312,23.4803
33.2375,23.5437
33.163,23.6071
33.0884,23.6705
33.0139,23.7339
32.9394,23.7973
32.8649,23.8607
32.7903,23.9241
32.7158,23.9875
32.6413,24.0509
32.5668,24.1143
32.4922,24.1777
32.4177,24.2411
32.3432,24.3045
32.2687,24.3679
32.1941,24.4313
32.1196,24.4947
32.0451,24.5581
31.9706,24.6215
31.896,24.6849
31.8215,24.7483
31.747,24.8117
31.6725,24.8751
31.5979,24.9385
31.5234,25.0019
31.4489,25.0653
31.3744,25.1287
31.2998,25.192
31.2998,25.192
31.2092,25.2022
31.1186,25.2124
31.028,25.2226
30.9374,25.2328
30.8468,25.2429
30.7562,25.2531
30.6656,25.2633
30.575,25.2735
30.4844,25.2837
30.3938,25.2938
30.3032,25.304
30.3032,25.304
30.2174,25.3439
30.1316,25.3838
30.0457,25.4237
29.9599,25.4636
29.8741,25.5035
29.7883,25.5434
29.7025,25.5833
29.6167,25.6232
29.5308,25.6632
29.5308,25.6632
29.4336,25.6518
29.3364,25.6405
29.2392,25.6291
29.1419,25.6178
29.0447,25.6064
28.9475,25.5951
28.8503,25.5838
28.753,25.5724
28.6558,25.5611
28.5586,25.5497
28.4614,25.5384
28.3641,25.5271
28.2669,25.5157
28.1697,25.5044
28.0725,25.493
27.9753,25.4817
27.878,25.4704
27.7808,25.459
27.6836,25.4477
27.5864,25.4363
27.4891,25.425
27.3919,25.4137
27.2947,25.4023
27.1975,25.391
27.1002,25.3796
27.003,25.3683
26.9058,25.3569
26.8086,25.3456
26.7113,25.3343
26.6141,25.3229
26.5169,25.3116
26.4197,25.3002
26.3224,25.2889
26.2252,25.2776
26.128,25.2662
26.0308,25.2549
26.0308,25.2549
26.0125,25.1631
25.9942,25.0713
25.9759,24.9794
25.9576,24.8876
25.9393,24.7958
25.921,24.704
25.9027,24.6122
25.8844,24.5204
25.8661,24.4286
25.8478,24.3368
25.8478,24.3368
25.8106,24.2471
25.7733,24.1575
25.7361,24.0679
25.6988,23.9783
25.6616,23.8886
25.6243,23.799
25.5871,23.7094
25.5498,23.6198
25.5126,23.5301
25.4753,23.4405
25.4381,23.3509
25.4008,23.2613
25.3636,23.1716
25.3263,23.082
25.2891,22.9924
25.2518,22.9028
25.2146,22.8131
25.1773,22.7235
25.1401,22.6339
25.1028,22.5443
25.1028,22.5443
25.0043,22.558
24.9057,22.5717
24.8072,22.5854
24.7086,22.5991
24.6101,22.6128
24.5116,22.6265
24.413,22.6402
24.3145,22.6539
24.2159,22.6676
24.1174,22.6813
24.0188,22.6951
23.9203,22.7088
23.8217,22.7225
23.7232,22.7362
23.6246,22.7499
23.5261,22.7636
23.4275,22.7773
23.329,22.791
23.2304,22.8047
23.1319,22.8184
23.0334,22.8321
22.9348,22.8458
22.8363,22.8596
22.7377,22.8733
22.6392,22.887
22.5406,22.9007
22.4421,22.9144
22.3435,22.9281
22.245,22.9418
22.1464,22.9555
22.0479,22.9692
21.9493,22.9829
21.8508,22.9966
21.7523,23.0104
21.6537,23.0241
21.5552,23.0378
21.4566,23.0515
21.3581,23.0652
21.2595,23.0789
21.161,23.0926
21.0624,23.1063
20.9639,23.12
20.8653,23.1337
20.7668,23.1474
20.6682,23.1611
20.5697,23.1749
20.4711,23.1886
20.3726,23.2023
20.2741,23.216
20.1755,23.2297
20.077,23.2434
19.9784,23.2571
19.8799,23.2708
19.7813,23.2845
19.6828,23.2982
19.5842,23.3119
19.4857,23.3256
19.3871,23.3394
19.2886,23.3531
19.19,23.3668
19.0915,23.3805
18.993,23.3942
18.8944,23.4079
18.7959,23.4216
18.6973,23.4353
18.5988,23.449
18.5002,23.4627
18.4017,23.4764
18.3031,23.4902
18.2046,23.5039
18.2046,23.5039
18.1129,23.4851
18.0212,23.4664
17.9296,23.4476
17.8379,23.4289
17.7462,23.4101
17.6545,23.3914
17.5629,23.3726
17.4712,23.3539
17.3795,23.3351
17.2878,23.3164
17.1961,23.2977
17.1961,23.2977
17.1027,23.2786
17.0093,23.2594
16.9159,23.2403
16.8225,23.2212
16.729,23.2021
16.6356,23.183
16.5422,23.1639
16.4488,23.1448
16.3553,23.1257
16.3553,23.1257
16.3629,23.1949
16.3704,23.2642
16.3779,23.3334
16.3779,23.3334
16.3779,23.3334
16.3779,23.3334
16.3221,23.3984
16.2663,23.4634
16.2105,23.5284
16.1547,23.5934
16.1547,23.5934
16.0595,23.5677
15.9644,23.542
15.8693,23.5163
15.7742,23.4907
15.6791,23.465
15.584,23.4393
15.4889,23.4136
15.3937,23.388
15.2986,23.3623
15.2035,23.3366
15.1084,23.3109
15.0133,23.2852
14.9182,23.2596
14.8231,23.2339
14.7279,23.2082
14.6328,23.1825
14.5377,23.1569
14.4426,23.1312
14.3475,23.1055
14.2524,23.0798
14.1572,23.0542
14.0621,23.0285
13.967,23.0028
13.8719,22.9771
13.7768,22.9515
13.6817,22.9258
13.5866,22.9001
13.4914,22.8744
13.3963,22.8487
13.3012,22.8231
13.3012,22.8231
13.2548,22.7367
13.2085,22.6504
13.1621,22.564
13.1157,22.4777
13.0694,22.3913
13.023,22.305
12.9766,22.2186
12.9302,22.1323
12.8839,22.0459
12.8375,21.9596
12.7911,21.8732
12.7448,21.7869
12.6984,21.7006
12.652,21.6142
12.6057,21.5279
12.5593,21.4415
12.5129,21.3552
12.4665,21.2688
12.4202,21.1825
12.3738,21.0961
12.3274,21.0098
12.2811,20.9234
12.2347,20.8371
12.1883,20.7507
12.1419,20.6644
12.0956,20.578
12.0492,20.4917
12.0028,20.4053
11.9565,20.319
11.9101,20.2326
11.8637,20.1463
11.8173,20.06
11.771,19.9736
11.7246,19.8873
11.6782,19.8009
11.6319,19.7146
11.5855,19.6282
11.5391,19.5419
11.4928,19.4555
11.4928,19.4555
11.59,19.4388
11.6872,19.4221
11.7844,19.4054
11.8816,19.3887
11.9788,19.3719
11.9788,19.3719
12.0251,19.4581
12.0714,19.5443
12.1177,19.6305
12.164,19.7167
12.2102,19.8029
12.2565,19.8891
12.3028,19.9753
12.3491,20.0615
12.3954,20.1477
12.4417,20.2339
12.488,20.3201
12.5343,20.4063
12.5806,20.4925
12.6268,20.5787
12.6731,20.6649
12.7194,20.751
12.7657,20.8372
12.812,20.9234
12.8583,21.0096
12.9046,21.0958
12.9509,21.182
12.9972,21.2682
13.0434,21.3544
13.0897,21.4406
13.136,21.5268
13.1823,21.613
13.2286,21.6992
13.2749,21.7854
13.3212,21.8716
13.3675,21.9578
13.4137,22.044
13.46,22.1302
13.5063,22.2163
13.5526,22.3025
13.5989,22.3887
13.6452,22.4749
13.6915,22.5611
13.7378,22.6473
13.7841,22.7335
13.8303,22.8197
13.8766,22.9059
13.9229,22.9921
13.9692,23.0783
14.6372,23.3335
14.5537,23.3016
14.4702,23.2697
14.3867,23.2378
14.3032,23.2059
14.2197,23.174
14.1362,23.1421
14.0527,23.1102
13.9692,23.0783
14.6372,23.3335
14.59,23.2456
14.5428,23.1576
14.4955,23.0697
14.4483,22.9818
14.4011,22.8938
14.3539,22.8059
14.3066,22.7179
14.2594,22.63
14.2122,22.5421
14.165,22.4541
14.1177,22.3662
14.0705,22.2783
14.0233,22.1903
13.9761,22.1024
13.9288,22.0144
13.8816,21.9265
13.8344,21.8386
13.7872,21.7506
13.7399,21.6627
13.6927,21.5748
13.6455,21.4868
13.5983,21.3989
13.551,21.3109
13.5038,21.223
13.4566,21.1351
13.4094,21.0471
13.3621,20.9592
13.3149,20.8712
13.2677,20.7833
13.2205,20.6954
13.1732,20.6074
13.126,20.5195
13.0788,20.4316
13.0316,20.3436
12.9843,20.2557
12.9371,20.1677
12.8899,20.0798
12.8427,19.9919
12.7954,19.9039
12.7482,19.816
12.701,19.7281
12.6538,19.6401
12.6065,19.5522
12.5593,19.4642
12.5121,19.3763
12.4649,19.2884
12.4649,19.2884
12.5621,19.2716
12.6593,19.2549
12.7565,19.2382
12.8537,19.2215
12.9509,19.2048
12.9509,19.2048
12.9977,19.2919
13.0444,19.379
13.0912,19.466
13.138,19.5531
13.1847,19.6402
13.2315,19.7273
13.2783,19.8144
13.325,19.9015
13.3718,19.9886
13.4186,20.0757
13.4654,20.1627
13.5121,20.2498
13.5589,20.3369
13.6057,20.424
13.6524,20.5111
13.6992,20.5982
13.746,20.6853
13.7927,20.7724
13.8395,20.8594
13.8863,20.9465
13.933,21.0336
13.9798,21.1207
14.0266,21.2078
14.0733,21.2949
14.1201,21.382
14.1669,21.4691
14.2137,21.5562
14.2604,21.6432
14.3072,21.7303
14.354,21.8174
14.4007,21.9045
14.4475,21.9916
14.4943,22.0787
14.541,22.1658
14.5878,22.2529
14.6346,22.3399
14.6813,22.427
14.7281,22.5141
14.7749,22.6012
14.8216,22.6883
14.8684,22.7754
14.9152,22.8625
14.962,22.9496
15.0087,23.0366
15.0555,23.1237
15.1023,23.2108
15.149,23.2979
15.1958,23.385
15.7146,23.3624
15.6281,23.3661
15.5416,23.3699
15.4552,23.3737
15.3687,23.3775
15.2823,23.3812
15.1958,23.385
15.7146,23.3624
15.6681,23.2758
15.6216,23.1892
15.5751,23.1027
15.5286,23.0161
15.4822,22.9296
15.4357,22.843
15.3892,22.7565
15.3427,22.6699
15.2962,22.5834
15.2497,22.4968
15.2033,22.4103
15.1568,22.3237
15.1103,22.2371
15.0638,22.1506
15.0173,22.064
14.9709,21.9775
14.9244,21.8909
14.8779,21.8044
14.8314,21.7178
14.7849,21.6313
14.7384,21.5447
14.692,21.4582
14.6455,21.3716
14.599,21.285
14.5525,21.1985
14.506,21.1119
14.4596,21.0254
14.4131,20.9388
14.3666,20.8523
14.3201,20.7657
14.2736,20.6792
14.2271,20.5926
14.1807,20.5061
14.1342,20.4195
14.0877,20.333
14.0412,20.2464
13.9947,20.1598
13.9483,20.0733
13.9018,19.9867
13.8553,19.9002
13.8088,19.8136
13.7623,19.7271
13.7158,19.6405
13.6694,19.554
13.6229,19.4674
13.5764,19.3809
13.5299,19.2943
13.4834,19.2077
13.4369,19.1212
13.4369,19.1212
13.5342,19.1045
13.6314,19.0878
13.7286,19.071
13.8258,19.0543
13.923,19.0376
13.923,19.0376
13.9695,19.1243
14.0161,19.211
14.0626,19.2976
14.1092,19.3843
14.1557,19.471
14.2023,19.5577
14.2488,19.6444
14.2954,19.731
14.3419,19.8177
14.3885,19.9044
14.435,19.9911
14.4816,20.0778
14.5281,20.1644
14.5747,20.2511
14.6212,20.3378
14.6678,20.4245
14.7143,20.5112
14.7609,20.5978
14.8074,20.6845
14.854,20.7712
14.9005,20.8579
14.9471,20.9445
14.9936,21.0312
15.0402,21.1179
15.0867,21.2046
15.1333,21.2913
15.1798,21.3779
15.2264,21.4646
15.2729,21.5513
15.3195,21.638
15.366,21.7247
15.4126,21.8113
15.4591,21.898
15.5057,21.9847
15.5522,22.0714
15.5988,22.158
15.6453,22.2447
15.6919,22.3314
15.7384,22.4181
15.785,22.5048
15.6504,21.2655
15.6607,21.3608
15.6711,21.4561
15.6814,21.5515
15.6918,21.6468
15.7021,21.7421
15.7125,21.8374
15.7228,21.9328
15.7332,22.0281
15.7435,22.1234
15.7539,22.2188
15.7642,22.3141
15.7746,22.4094
15.785,22.5048
15.6504,21.2655
15.6044,21.1799
15.5584,21.0942
15.5124,21.0086
15.4665,20.923
15.4205,20.8374
15.3745,20.7518
15.3285,20.6662
15.2826,20.5806
15.2366,20.495
15.1906,20.4094
15.1446,20.3238
15.0987,20.2382
15.0527,20.1525
15.0067,20.0669
14.9607,19.9813
14.9148,19.8957
14.8688,19.8101
14.8228,19.7245
14.7768,19.6389
14.7309,19.5533
14.6849,19.4677
14.6389,19.3821
14.5929,19.2965
14.547,19.2109
14.501,19.1252
14.455,19.0396
14.409,18.954
14.409,18.954
14.5063,18.9373
14.6035,18.9206
14.7007,18.9039
14.7979,18.8872
14.8951,18.8704
14.8951,18.8704
14.9394,18.953
14.9838,19.0355
15.0281,19.1181
15.0724,19.2006
15.1168,19.2832
15.1611,19.3658
15.2054,19.4483
15.2498,19.5309
15.2941,19.6134
15.3384,19.696
15.3828,19.7785
15.4271,19.8611
15.4714,19.9436
15.5157,20.0262
15.3811,18.7869
15.3915,18.8822
15.4019,18.9775
15.4122,19.0729
15.4226,19.1682
15.4329,19.2635
15.4433,19.3588
15.4536,19.4542
15.464,19.5495
15.4743,19.6448
15.4847,19.7402
15.495,19.8355
15.5054,19.9308
15.5157,20.0262
15.3811,18.7869
15.3811,18.7869
15.3811,18.7869
15.4634,18.7727
15.5457,18.7586
15.628,18.7444
15.628,18.7444
15.6139,18.646
15.5998,18.5476
15.5858,18.4492
15.5717,18.3508
15.5576,18.2524
15.5435,18.1541
15.5295,18.0557
15.5154,17.9573
15.5013,17.8589
15.4872,17.7605
15.4731,17.6621
15.4591,17.5637
15.445,17.4653
15.4309,17.3669
15.4168,17.2685
15.4027,17.1701
15.3887,17.0717
15.3746,16.9733
15.3605,16.8749
15.3464,16.7765
15.3324,16.6782
15.3183,16.5798
15.3042,16.4814
15.2901,16.383
15.276,16.2846
15.262,16.1862
15.2479,16.0878
15.2338,15.9894
15.2197,15.891
15.2056,15.7926
15.1916,15.6942
15.1775,15.5958
15.1634,15.4974
15.1493,15.399
15.1352,15.3006
15.1212,15.2022
15.1071,15.1039
15.093,15.0055
15.0789,14.9071
15.0649,14.8087
15.0508,14.7103
15.0367,14.6119
15.0226,14.5135
15.0085,14.4151
14.9945,14.3167
14.9804,14.2183
14.9663,14.1199
14.9522,14.0215
14.9381,13.9231
14.9241,13.8247
14.91,13.7263
14.8959,13.628
14.8818,13.5296
14.8678,13.4312
14.8537,13.3328
14.8396,13.2344
14.8255,13.136
14.8114,13.0376
14.7974,12.9392
14.7833,12.8408
14.7692,12.7424
14.7551,12.644
14.741,12.5456
14.727,12.4472
14.7129,12.3488
14.6988,12.2504
14.6847,12.1521
14.6706,12.0537
14.6566,11.9553
14.6425,11.8569
14.6284,11.7585
14.6143,11.6601
14.6003,11.5617
14.5862,11.4633
14.5721,11.3649
14.558,11.2665
14.5439,11.1681
14.5299,11.0697
14.5158,10.9713
14.5017,10.8729
14.4876,10.7745
14.4735,10.6762
14.4595,10.5778
14.4454,10.4794
14.4313,10.381
14.4172,10.2826
14.4032,10.1842
14.3891,10.0858
14.375,9.9874
14.3609,9.88901
14.3468,9.79062
14.3328,9.69222
14.3187,9.59383
14.3046,9.49543
14.3046,9.49543
14.2412,9.43932
14.1779,9.38321
14.1145,9.32709
14.1145,9.32709
14.1145,9.32709
14.1145,9.32709
14.1906,9.26677
14.2668,9.20646
14.3429,9.14614
14.419,9.08583
14.4951,9.02551
14.4951,9.02551
14.4063,9.02665
14.3174,9.0278
14.2286,9.02894
14.1397,9.03009
14.0509,9.03123
13.962,9.03237
13.8731,9.03352
13.7843,9.03466
13.7843,9.03466
13.8803,9.01676
13.9764,8.99885
14.0725,8.98095
14.1685,8.96304
14.2646,8.94514
14.3606,8.92723
14.4567,8.90933
14.5527,8.89142
14.6488,8.87352
14.7449,8.85561
14.8409,8.83771
14.937,8.81981
15.033,8.8019
15.1291,8.784
15.2251,8.76609
15.2251,8.76609
15.2404,8.6692
15.2557,8.57231
15.2709,8.47542
15.2862,8.37853
15.3015,8.28164
15.3167,8.18475
15.332,8.08786
15.3473,7.99098
15.3625,7.89409
15.3625,7.89409
15.2758,7.9395
15.189,7.98492
15.1023,8.03034
15.0155,8.07576
14.9288,8.12118
14.842,8.16659
14.7553,8.21201
14.6685,8.25743
14.5818,8.30285
14.495,8.34827
14.4083,8.39368
14.3215,8.4391
14.2348,8.48452
14.148,8.52994
14.148,8.52994
14.0492,8.53121
13.9503,8.53248
13.8514,8.53376
13.7526,8.53503
13.6537,8.5363
13.5548,8.53757
13.456,8.53885
13.3571,8.54012
13.2582,8.54139
13.1594,8.54267
13.1594,8.54267
13.2474,8.49655
13.3355,8.45043
13.4236,8.40431
13.5117,8.3582
13.5998,8.31208
13.6879,8.26596
13.776,8.21985
13.864,8.17373
13.9521,8.12761
14.0402,8.0815
14.1283,8.03538
14.2164,7.98926
14.3045,7.94315
14.3926,7.89703
14.4806,7.85091
14.5687,7.8048
14.6568,7.75868
14.7449,7.71256
14.833,7.66644
14.9211,7.62033
15.0092,7.57421
15.0972,7.52809
15.0972,7.52809
15.0442,7.4549
14.9911,7.3817
14.9381,7.3085
14.885,7.2353
14.832,7.1621
14.832,7.1621
14.7461,7.20705
14.6603,7.25199
14.5744,7.29694
14.4886,7.34188
14.4027,7.38683
14.3169,7.43177
14.231,7.47672
14.1452,7.52166
14.0593,7.56661
13.9735,7.61155
13.8876,7.6565
13.8018,7.70144
13.7159,7.74639
13.6301,7.79133
13.5442,7.83628
13.4584,7.88122
13.3725,7.92617
13.2867,7.97111
13.2009,8.01606
13.115,8.061
13.0292,8.10595
12.9433,8.15089
12.8575,8.19584
12.7716,8.24078
12.6858,8.28573
12.5999,8.33067
12.5141,8.37562
12.4282,8.42056
12.3424,8.4655
12.2565,8.51045
12.1707,8.5554
12.1707,8.5554
12.2545,8.50213
12.3382,8.44887
12.422,8.39561
12.5058,8.34235
12.5895,8.28909
12.6733,8.23582
12.7571,8.18256
12.8408,8.1293
12.9246,8.07604
13.0084,8.02278
13.0921,7.96951
13.1759,7.91625
13.2596,7.86299
13.3434,7.80973
13.4272,7.75647
13.5109,7.70321
13.5947,7.64994
13.6785,7.59668
13.7622,7.54342
13.846,7.49016
13.9298,7.4369
14.0135,7.38364
14.0973,7.33037
14.1811,7.27711
14.2648,7.22385
14.3486,7.17059
14.4324,7.11733
14.5161,7.06406
14.5999,7.0108
14.6837,6.95754
14.6837,6.95754
14.7744,6.94142
14.865,6.92531
14.9557,6.90919
15.0464,6.89307
15.137,6.87696
15.2277,6.86084
15.3184,6.84472
15.4091,6.8286
15.4997,6.81249
15.4997,6.81249
15.4997,6.81249
15.4997,6.81249
15.5911,6.82538
15.6825,6.83827
15.7738,6.85117
15.8652,6.86406
15.9566,6.87696
16.0479,6.88985
16.1393,6.90274
16.2307,6.91564
16.322,6.92853
16.4134,6.94142
16.5048,6.95432
16.5048,6.95432
16.4111,6.97304
16.3174,6.99177
16.2237,7.01049
16.13,7.02922
16.0363,7.04794
15.9426,7.06666
15.849,7.08539
15.7553,7.10411
15.6616,7.12284
15.5679,7.14156
15.4742,7.16029
15.3805,7.17901
15.2868,7.19773
15.1931,7.21646
15.0995,7.23518
15.0058,7.25391
14.9121,7.27263
14.9121,7.27263
14.9663,7.34746
15.0206,7.4223
15.0748,7.49713
15.129,7.57196
15.129,7.57196
15.2243,7.55293
15.3195,7.5339
15.4147,7.51487
15.51,7.49583
15.6052,7.4768
15.7004,7.45777
15.7957,7.43874
15.8909,7.4197
15.9861,7.40067
16.0814,7.38164
16.1766,7.3626
16.2718,7.34357
16.367,7.32454
16.4623,7.30551
16.5575,7.28647
16.6527,7.26744
16.748,7.24841
16.8432,7.22938
16.9384,7.21034
17.0337,7.19131
17.1289,7.17228
17.2241,7.15325
17.3193,7.13421
17.4146,7.11518
17.5098,7.09615
17.5098,7.09615
17.6012,7.10904
17.6925,7.12194
17.7839,7.13483
17.8753,7.14772
17.9666,7.16062
18.058,7.17351
18.1494,7.1864
18.2407,7.1993
18.3321,7.21219
18.4235,7.22509
18.5148,7.23798
18.5148,7.23798
18.4188,7.25717
18.3228,7.27636
18.2268,7.29555
18.1307,7.31474
18.0347,7.33394
17.9387,7.35313
17.8427,7.37232
17.7466,7.39151
17.6506,7.4107
17.5546,7.42989
17.4586,7.44908
17.3625,7.46828
17.2665,7.48747
17.1705,7.50666
17.0745,7.52585
16.9784,7.54504
16.8824,7.56423
16.7864,7.58342
16.6904,7.60261
16.5943,7.62181
16.4983,7.641
16.4023,7.66019
16.3063,7.67938
16.2102,7.69857
16.1142,7.71776
16.0182,7.73695
15.9222,7.75615
15.8261,7.77534
15.7301,7.79453
15.6341,7.81372
15.5381,7.83291
15.442,7.8521
15.346,7.87129
15.346,7.87129
15.3234,7.77807
15.3009,7.68484
15.2783,7.59161
15.2557,7.49839
15.2332,7.40516
15.2106,7.31193
15.188,7.21871
15.1655,7.12548
15.1429,7.03225
15.1203,6.93903
15.0978,6.8458
15.0752,6.75257
15.0752,6.75257
15.1702,6.74494
15.2652,6.73731
15.3602,6.72968
15.4553,6.72205
15.5503,6.71442
15.6453,6.70679
15.7403,6.69916
15.8354,6.69153
15.9304,6.6839
16.0254,6.67627
16.1204,6.66864
16.2154,6.66101
16.2154,6.66101
16.3146,6.66921
16.4138,6.67742
16.513,6.68562
16.6121,6.69382
16.7113,6.70203
16.8105,6.71023
16.9096,6.71843
17.0088,6.72664
17.108,6.73484
17.2072,6.74304
17.3063,6.75125
17.4055,6.75945
17.5047,6.76765
17.6038,6.77586
17.703,6.78406
17.8022,6.79227
17.9014,6.80047
18.0005,6.80867
18.0997,6.81688
18.1989,6.82508
18.298,6.83328
18.3972,6.84149
18.4964,6.84969
18.5955,6.85789
18.6947,6.8661
18.7939,6.8743
18.8931,6.8825
18.9922,6.89071
19.0914,6.89891
19.1906,6.90711
19.2897,6.91532
19.3889,6.92352
19.4881,6.93172
19.5873,6.93993
19.6864,6.94813
19.7856,6.95633
19.8848,6.96454
19.9839,6.97274
20.0831,6.98094
20.1823,6.98915
20.2815,6.99735
20.3806,7.00555
20.4798,7.01376
20.579,7.02196
20.6781,7.03016
20.7773,7.03837
20.8765,7.04657
20.9757,7.05478
21.0748,7.06298
21.174,7.07118
21.2732,7.07939
21.3723,7.08759
21.4715,7.09579
21.5707,7.104
21.6698,7.1122
21.769,7.1204
21.8682,7.12861
21.9674,7.13681
22.0665,7.14501
22.1657,7.15322
22.2649,7.16142
22.364,7.16962
22.4632,7.17783
22.5624,7.18603
22.6616,7.19423
22.7607,7.20244
22.8599,7.21064
22.9591,7.21884
23.0582,7.22705
23.1574,7.23525
23.2566,7.24345
23.3558,7.25166
23.4549,7.25986
23.5541,7.26806
23.6533,7.27627
23.7524,7.28447
23.8516,7.29267
23.9508,7.30088
23.9508,7.30088
23.9261,7.20705
23.9015,7.11322
23.8768,7.01939
23.8521,6.92556
23.8275,6.83174
23.8275,6.83174
23.7285,6.82355
23.6296,6.81536
23.5306,6.80718
23.4317,6.799
23.3327,6.79081
23.2338,6.78263
23.1348,6.77444
23.0359,6.76625
22.9369,6.75807
22.838,6.74989
22.739,6.7417
22.6401,6.73351
22.5412,6.72533
22.4422,6.71714
22.3433,6.70896
22.2443,6.70077
22.1454,6.69259
22.0464,6.6844
21.9475,6.67622
21.8485,6.66803
21.7496,6.65985
21.6506,6.65166
21.5517,6.64348
21.4527,6.63529
21.3538,6.62711
21.2548,6.61892
21.1559,6.61074
21.0569,6.60255
20.958,6.59437
20.859,6.58618
20.7601,6.578
20.6611,6.56981
20.5622,6.56163
20.4632,6.55344
20.3643,6.54526
20.2653,6.53707
20.1664,6.52889
20.0674,6.5207
19.9685,6.51252
19.8695,6.50433
19.7706,6.49615
19.6716,6.48796
19.5727,6.47978
19.4738,6.47159
19.3748,6.46341
19.2759,6.45522
19.1769,6.44704
19.078,6.43885
18.979,6.43067
18.8801,6.42248
18.7811,6.4143
18.6822,6.40611
18.5832,6.39793
18.4843,6.38974
18.3853,6.38156
18.2864,6.37337
18.1874,6.36519
18.0885,6.357
17.9895,6.34882
17.8906,6.34063
17.7916,6.33245
17.6927,6.32426
17.5937,6.31608
17.4948,6.30789
17.3958,6.29971
17.2969,6.29152
17.1979,6.28334
17.099,6.27515
17,6.26697
16.9011,6.25878
16.8021,6.2506
16.7032,6.24241
16.6042,6.23423
16.6042,6.23423
16.6884,6.19019
16.7725,6.14616
16.8566,6.10212
16.9407,6.05808
17.0248,6.01405
17.1089,5.97001
17.193,5.92598
17.2771,5.88194
17.3613,5.8379
17.3613,5.8379
17.4604,5.8461
17.5595,5.8543
17.6586,5.8625
17.7577,5.8707
17.8568,5.8789
17.9559,5.88709
18.055,5.89529
18.1541,5.90349
18.2532,5.91169
18.3523,5.91989
18.4514,5.92808
18.5506,5.93628
18.6497,5.94448
18.7488,5.95268
18.8479,5.96088
18.947,5.96908
19.0461,5.97727
19.1452,5.98547
19.2443,5.99367
19.3434,6.00187
19.4425,6.01007
19.5416,6.01827
19.6407,6.02646
19.7399,6.03466
19.839,6.04286
19.9381,6.05106
20.0372,6.05926
20.1363,6.06746
20.2354,6.07565
20.3345,6.08385
20.4336,6.09205
20.5327,6.10025
20.6318,6.10845
20.7309,6.11664
20.83,6.12484
20.9291,6.13304
21.0283,6.14124
21.1274,6.14944
21.2265,6.15764
21.3256,6.16583
21.4247,6.17403
21.5238,6.18223
21.6229,6.19043
21.722,6.19863
21.8211,6.20683
21.9202,6.21502
22.0193,6.22322
22.1184,6.23142
22.2176,6.23962
22.3167,6.24782
22.4158,6.25601
22.5149,6.26421
22.614,6.27241
22.7131,6.28061
22.8122,6.28881
22.9113,6.29701
23.0104,6.3052
23.1095,6.3134
23.2086,6.3216
23.3077,6.3298
23.4069,6.338
23.506,6.3462
23.6051,6.35439
23.7042,6.36259
23.7042,6.36259
23.6795,6.26876
23.6549,6.17493
23.6302,6.08111
23.6055,5.98728
23.5809,5.89345
23.5809,5.89345
23.4816,5.88523
23.3822,5.87702
23.2829,5.8688
23.1836,5.86059
23.0843,5.85237
22.985,5.84415
22.8856,5.83594
22.7863,5.82772
22.687,5.81951
22.5877,5.81129
22.4884,5.80308
22.389,5.79486
22.2897,5.78664
22.1904,5.77843
22.0911,5.77021
21.9918,5.762
21.8924,5.75378
21.7931,5.74556
21.6938,5.73735
21.5945,5.72913
21.4951,5.72092
21.3958,5.7127
21.2965,5.70449
21.1972,5.69627
21.0979,5.68805
20.9985,5.67984
20.8992,5.67162
20.7999,5.66341
20.7006,5.65519
20.6013,5.64698
20.5019,5.63876
20.4026,5.63054
20.3033,5.62233
20.204,5.61411
20.1047,5.6059
20.0053,5.59768
19.906,5.58946
19.8067,5.58125
19.7074,5.57303
19.6081,5.56482
19.5087,5.5566
19.4094,5.54839
19.3101,5.54017
19.2108,5.53195
19.1115,5.52374
19.0121,5.51552
18.9128,5.50731
18.8135,5.49909
18.7142,5.49087
18.6149,5.48266
18.5155,5.47444
18.4162,5.46623
18.3169,5.45801
18.2176,5.4498
18.1183,5.44158
18.1183,5.44158
18.2024,5.39754
18.2865,5.35351
18.3706,5.30947
18.4547,5.26544
18.5388,5.2214
18.6229,5.17736
18.707,5.13333
18.7911,5.08929
18.8753,5.04526
18.8753,5.04526
18.9749,5.0535
19.0745,5.06174
19.1741,5.06998
19.2737,5.07822
19.3733,5.08646
19.473,5.0947
19.5726,5.10294
19.6722,5.11118
19.7718,5.11942
19.8714,5.12766
19.971,5.1359
20.0706,5.14414
20.1703,5.15238
20.2699,5.16062
20.3695,5.16886
20.4691,5.1771
20.5687,5.18534
20.6683,5.19358
20.768,5.20182
20.8676,5.21006
20.9672,5.2183
21.0668,5.22654
21.1664,5.23478
21.266,5.24302
21.3657,5.25126
21.4653,5.2595
21.5649,5.26774
21.6645,5.27598
21.7641,5.28422
21.8637,5.29246
21.9633,5.3007
22.063,5.30894
22.1626,5.31718
22.2622,5.32542
22.3618,5.33366
22.4614,5.3419
22.561,5.35014
22.6607,5.35838
22.7603,5.36662
22.8599,5.37486
22.9595,5.3831
23.0591,5.39135
23.1587,5.39959
23.2583,5.40783
23.358,5.41607
23.4576,5.42431
23.4576,5.42431
23.4329,5.33048
23.4083,5.23665
23.3836,5.14282
23.3589,5.04899
23.3343,4.95516
23.3343,4.95516
23.2369,4.9471
23.1394,4.93905
23.042,4.93099
22.9446,4.92293
22.8472,4.91487
22.7497,4.90681
22.6523,4.89875
22.5549,4.89069
22.4575,4.88263
22.3601,4.87458
22.2626,4.86652
22.1652,4.85846
22.0678,4.8504
21.9704,4.84234
21.873,4.83428
21.7755,4.82622
21.6781,4.81816
21.5807,4.81011
21.4833,4.80205
21.3858,4.79399
21.2884,4.78593
21.191,4.77787
21.0936,4.76981
20.9962,4.76175
20.8987,4.7537
20.8013,4.74564
20.7039,4.73758
20.6065,4.72952
20.5091,4.72146
20.4116,4.7134
20.3142,4.70534
20.2168,4.69728
20.1194,4.68923
20.0219,4.68117
19.9245,4.67311
19.8271,4.66505
19.7297,4.65699
19.6323,4.64893
19.6323,4.64893
19.7164,4.6049
19.8005,4.56086
19.8846,4.51682
19.9687,4.47279
20.0528,4.42875
20.1369,4.38472
20.221,4.34068
20.3052,4.29664
20.3893,4.25261
20.3893,4.25261
20.4866,4.26066
20.5839,4.2687
20.6812,4.27675
20.7785,4.2848
20.8758,4.29285
20.9731,4.3009
21.0704,4.30895
21.1677,4.317
21.265,4.32505
21.3623,4.33309
21.4596,4.34114
21.5569,4.34919
21.6542,4.35724
21.7515,4.36529
21.8488,4.37334
21.9461,4.38139
22.0434,4.38944
22.1407,4.39748
22.238,4.40553
22.3353,4.41358
22.4326,4.42163
22.5299,4.42968
22.6272,4.43773
22.7245,4.44578
22.8218,4.45382
22.9191,4.46187
23.0164,4.46992
23.1137,4.47797
23.211,4.48602
23.211,4.48602
23.2392,4.39656
23.2674,4.30711
23.2955,4.21765
23.3237,4.12819
23.3519,4.03873
23.3519,4.03873
23.256,4.0308
23.1601,4.02287
23.0642,4.01494
22.9683,4.007
22.8724,3.99907
22.7765,3.99114
22.6806,3.98321
22.5847,3.97527
22.4888,3.96734
22.3929,3.95941
22.297,3.95147
22.2011,3.94354
22.1052,3.93561
22.0093,3.92768
21.9134,3.91974
21.8175,3.91181
21.7217,3.90388
21.6258,3.89595
21.5299,3.88801
21.434,3.88008
21.3381,3.87215
21.2422,3.86422
21.1463,3.85628
21.1463,3.85628
21.077,3.79846
21.0078,3.74064
20.9386,3.68282
20.9386,3.68282
20.8567,3.72569
20.7748,3.76856
20.6929,3.81143
20.611,3.85431
20.5292,3.89718
20.4473,3.94005
20.3654,3.98292
20.2835,4.02579
20.2016,4.06866
20.1197,4.11154
20.0378,4.15441
19.9559,4.19728
19.8741,4.24015
19.8741,4.24015
19.7858,4.28636
19.6975,4.33258
19.6093,4.37879
19.521,4.425
19.4327,4.47121
19.3444,4.51743
19.2562,4.56364
19.1679,4.60985
19.0796,4.65606
18.9914,4.70227
18.9031,4.74849
18.8148,4.7947
18.7266,4.84091
18.6383,4.88712
18.55,4.93334
18.4618,4.97955
18.3735,5.02576
18.2852,5.07197
18.2852,5.07197
18.2001,5.11654
18.115,5.1611
18.0299,5.20566
17.9448,5.25022
17.8596,5.29479
17.7745,5.33935
17.6894,5.38391
17.6043,5.42847
17.5192,5.47304
17.4341,5.5176
17.3489,5.56216
17.2638,5.60673
17.1787,5.65129
17.0936,5.69585
17.0085,5.74041
16.9233,5.78498
16.8382,5.82954
16.7531,5.8741
16.668,5.91866
16.668,5.91866
16.7621,5.88659
16.8562,5.85451
16.9503,5.82243
17.0444,5.79035
17.1386,5.75827
17.2327,5.7262
17.3268,5.69412
17.4209,5.66204
17.515,5.62996
17.6091,5.59788
17.7032,5.56581
17.7973,5.53373
17.8915,5.50165
17.9856,5.46957
18.0797,5.43749
18.1738,5.40541
18.2679,5.37334
18.362,5.34126
18.4561,5.30918
18.5502,5.2771
18.6443,5.24502
18.7385,5.21295
18.8326,5.18087
18.9267,5.14879
19.0208,5.11671
19.1149,5.08463
19.209,5.05256
19.3031,5.02048
19.3972,4.9884
19.4914,4.95632
19.5855,4.92424
19.6796,4.89216
19.7737,4.86009
19.8678,4.82801
19.9619,4.79593
20.056,4.76385
20.1501,4.73177
20.2443,4.6997
20.3384,4.66762
20.4325,4.63554
20.5266,4.60346
20.6207,4.57138
20.7148,4.5393
20.8089,4.50723
20.903,4.47515
20.9972,4.44307
21.0913,4.41099
21.1854,4.37891
21.2795,4.34684
21.3736,4.31476
21.4677,4.28268
21.5618,4.2506
21.6559,4.21852
21.75,4.18644
21.8442,4.15437
21.9383,4.12229
22.0324,4.09021
22.1265,4.05813
22.2206,4.02605
22.3147,3.99398
22.4088,3.9619
22.5029,3.92982
22.5971,3.89774
22.6912,3.86566
22.7853,3.83359
22.8794,3.80151
22.9735,3.76943
23.0676,3.73735
23.1617,3.70527
23.2558,3.67319
23.2558,3.67319
23.2992,3.75622
23.3426,3.83925
23.3859,3.92227
23.4293,4.0053
23.4726,4.08832
23.516,4.17135
23.5594,4.25437
23.6027,4.3374
23.6461,4.42042
23.6895,4.50345
23.7328,4.58648
23.7762,4.6695
23.7762,4.6695
23.801,4.76382
23.8258,4.85814
23.8505,4.95245
23.8753,5.04677
23.9001,5.14109
23.9249,5.2354
23.9497,5.32972
23.9745,5.42404
23.9993,5.51835
24.0241,5.61267
24.0489,5.70699
24.0736,5.8013
24.0984,5.89562
24.1232,5.98994
24.148,6.08425
24.1728,6.17857
24.1976,6.27289
24.2224,6.36721
24.2472,6.46152
24.2719,6.55584
24.2967,6.65016
24.2967,6.65016
24.3126,6.74698
24.3285,6.8438
24.3444,6.94063
24.3602,7.03745
24.3761,7.13427
24.392,7.2311
24.4079,7.32792
24.4237,7.42474
24.4396,7.52156
24.4555,7.61839
24.4713,7.71521
24.4872,7.81204
24.5031,7.90886
24.519,8.00568
24.5348,8.1025
24.5507,8.19933
24.5666,8.29615
24.5825,8.39297
24.5983,8.4898
24.6142,8.58662
24.6301,8.68344
24.646,8.78027
24.6618,8.87709
24.6777,8.97391
24.6936,9.07074
24.7094,9.16756
24.7253,9.26438
24.7253,9.26438
24.6837,9.17637
24.6421,9.08836
24.6005,9.00035
24.5589,8.91234
24.5173,8.82433
24.4758,8.73632
24.4342,8.6483
24.3926,8.56029
24.351,8.47228
24.3094,8.38427
24.2678,8.29626
24.2262,8.20825
24.1846,8.12023
24.143,8.03222
24.143,8.03222
24.143,8.03222
24.143,8.03222
24.1677,8.12632
24.1925,8.22041
24.2172,8.31451
24.2419,8.4086
24.2666,8.5027
24.2914,8.5968
24.3161,8.69089
24.3408,8.78499
24.3656,8.87908
24.3903,8.97318
24.415,9.06727
24.4398,9.16137
24.4398,9.16137
24.3814,9.08518
24.3231,9.00899
24.2647,8.9328
24.2064,8.85661
24.148,8.78043
24.0897,8.70424
24.0313,8.62805
23.973,8.55186
23.9146,8.47567
23.8563,8.39948
23.7979,8.32329
23.7396,8.24711
23.6812,8.17092
23.6229,8.09473
23.5645,8.01854
23.5062,7.94235
23.5062,7.94235
23.4152,7.92951
23.3242,7.91668
23.2332,7.90384
23.1422,7.891
23.0513,7.87816
22.9603,7.86532
22.8693,7.85248
22.8693,7.85248
22.9296,7.93113
22.9898,8.00977
23.05,8.08842
23.1102,8.16707
23.1705,8.24571
23.2307,8.32436
23.2909,8.403
23.3512,8.48165
23.4114,8.5603
23.4716,8.63894
23.5319,8.71759
23.5921,8.79623
23.6523,8.87488
23.7126,8.95353
23.7728,9.03217
23.833,9.11082
23.8933,9.18946
23.9535,9.26811
24.0137,9.34676
24.074,9.4254
24.1342,9.50405
24.1944,9.5827
24.2547,9.66134
24.3149,9.73999
24.3751,9.81863
24.4354,9.89728
24.4956,9.97593
24.5558,10.0546
24.6161,10.1332
24.6763,10.2119
24.7365,10.2905
24.7365,10.2905
24.7612,10.3846
24.786,10.4787
24.8107,10.5728
24.8354,10.6669
24.8602,10.761
24.8849,10.8551
24.9096,10.9492
24.9344,11.0433
24.9591,11.1374
24.9838,11.2315
25.0086,11.3256
25.0333,11.4197
25.0333,11.4197
24.9737,11.3418
24.9141,11.264
24.8545,11.1862
24.7949,11.1084
24.7353,11.0306
24.6757,10.9528
24.6161,10.875
24.5566,10.7972
24.497,10.7194
24.4374,10.6416
24.3778,10.5637
24.3182,10.4859
24.2586,10.4081
24.199,10.3303
24.1394,10.2525
24.0798,10.1747
24.0202,10.0969
23.9606,10.0191
23.901,9.94127
23.8415,9.86347
23.7819,9.78566
23.7223,9.70785
23.6627,9.63004
23.6031,9.55223
23.5435,9.47442
23.4839,9.39661
23.4243,9.3188
23.3647,9.24099
23.3051,9.16318
23.2455,9.08537
23.1859,9.00756
23.1264,8.92975
23.0668,8.85194
23.0072,8.77413
22.9476,8.69632
22.888,8.61851
22.8284,8.5407
22.7688,8.4629
22.7092,8.38509
22.6496,8.30728
22.59,8.22947
22.5304,8.15166
22.4708,8.07385
22.4113,7.99604
22.3517,7.91823
22.2921,7.84042
22.2325,7.76261
22.2325,7.76261
22.1415,7.74977
22.0505,7.73693
21.9595,7.7241
21.8686,7.71126
21.7776,7.69842
21.6866,7.68558
21.5956,7.67274
21.5956,7.67274
21.6559,7.75139
21.7161,7.83003
21.7763,7.90868
21.8366,7.98732
21.8968,8.06597
21.957,8.14462
22.0173,8.22326
22.0775,8.30191
22.1377,8.38056
22.198,8.4592
22.2582,8.53785
22.3184,8.61649
22.3787,8.69514
22.4389,8.77379
22.4991,8.85243
22.5594,8.93108
22.6196,9.00972
22.6798,9.08837
22.7401,9.16702
22.8003,9.24566
22.8605,9.32431
22.9208,9.40295
22.981,9.4816
23.0412,9.56025
23.1014,9.63889
23.1617,9.71754
23.2219,9.79618
23.2821,9.87483
23.3424,9.95348
23.4026,10.0321
23.4628,10.1108
23.5231,10.1894
23.5833,10.2681
23.6435,10.3467
23.7038,10.4254
23.764,10.504
23.8242,10.5826
23.8845,10.6613
23.9447,10.7399
24.0049,10.8186
24.0652,10.8972
24.1254,10.9759
24.1856,11.0545
24.2459,11.1332
24.3061,11.2118
24.3663,11.2905
24.4266,11.3691
24.4868,11.4478
24.547,11.5264
24.6073,11.605
24.6675,11.6837
24.7277,11.7623
24.788,11.841
24.8482,11.9196
24.9084,11.9983
24.9687,12.0769
25.0289,12.1556
25.0891,12.2342
25.1493,12.3129
25.2096,12.3915
25.2698,12.4701
25.33,12.5488
25.33,12.5488
25.3489,12.4564
25.3677,12.3641
25.3865,12.2717
25.4053,12.1793
25.4241,12.087
25.4429,11.9946
25.4429,11.9946
25.4915,12.0811
25.54,12.1676
25.5886,12.2541
25.6372,12.3406
25.6858,12.427
25.7344,12.5135
25.7829,12.6
25.8315,12.6865
25.8801,12.773
25.9287,12.8595
25.9287,12.8595
25.9837,12.9166
26.0387,12.9737
26.0937,13.0308
26.1487,13.088
26.1487,13.088
26.2268,13.079
26.305,13.07
26.3831,13.061
26.4612,13.052
26.4612,13.052
26.556,13.0621
26.6507,13.0722
26.7455,13.0823
26.8403,13.0924
26.935,13.1024
27.0298,13.1125
27.1246,13.1226
27.2193,13.1327
27.3141,13.1428
27.4088,13.1528
27.5036,13.1629
27.5984,13.173
27.5984,13.173
27.5984,13.173
27.5984,13.173
27.686,13.1755
27.7737,13.178
27.8613,13.1806
27.949,13.1831
28.0366,13.1856
28.1243,13.1881
28.1243,13.1881
28.0457,13.2496
27.9672,13.311
27.8886,13.3725
27.81,13.4339
27.7315,13.4954
27.6529,13.5568
27.5744,13.6183
27.4958,13.6797
27.4173,13.7412
27.3387,13.8026
27.2601,13.8641
27.1816,13.9255
27.103,13.987
27.0245,14.0484
26.9459,14.1099
26.8673,14.1713
26.7888,14.2328
26.7102,14.2942
26.6317,14.3557
26.5531,14.4171
26.4746,14.4786
26.396,14.54
26.3174,14.6015
26.2389,14.6629
26.1603,14.7244
26.1603,14.7244
26.1815,14.8051
26.2028,14.8859
26.224,14.9666
26.224,14.9666
26.1466,14.9182
26.0693,14.8697
25.9919,14.8213
25.9146,14.7728
25.9146,14.7728
25.8899,14.6788
25.8652,14.5848
25.8404,14.4908
25.8157,14.3968
25.791,14.3028
25.7663,14.2088
25.7416,14.1148
25.7169,14.0208
25.6922,13.9268
25.6675,13.8328
25.6428,13.7388
25.6181,13.6448
25.5934,13.5508
25.5687,13.4568
25.544,13.3628
25.5193,13.2688
25.4946,13.1748
25.4946,13.1748
25.4351,13.0972
25.3757,13.0196
25.3163,12.942
25.2568,12.8644
25.1974,12.7868
25.138,12.7092
25.0785,12.6316
25.0191,12.554
24.9597,12.4764
24.9003,12.3988
24.8408,12.3212
24.7814,12.2436
24.722,12.166
24.722,12.166
24.7473,12.2625
24.7727,12.359
24.798,12.4555
24.8234,12.552
24.8488,12.6485
24.8741,12.745
24.8995,12.8415
24.9249,12.938
24.9502,13.0345
24.9756,13.131
25.0009,13.2274
25.0263,13.3239
25.0517,13.4204
25.077,13.5169
25.1024,13.6134
25.1277,13.7099
25.1531,13.8064
25.1785,13.9029
25.2038,13.9994
25.2292,14.0959
25.2546,14.1924
25.2799,14.2889
25.3053,14.3854
25.3306,14.4819
25.356,14.5784
25.3814,14.6749
25.4067,14.7714
25.4321,14.8679
24.9496,14.963
25.0461,14.944
25.1426,14.925
25.2391,14.9059
25.3356,14.8869
25.4321,14.8679
24.9496,14.963
24.9246,14.8678
24.8996,14.7727
24.8746,14.6776
24.8496,14.5824
24.8246,14.4873
24.7996,14.3921
24.7746,14.297
24.7496,14.2018
24.7246,14.1067
24.6995,14.0115
24.6745,13.9164
24.6495,13.8212
24.6245,13.7261
24.5995,13.631
24.5745,13.5358
24.5495,13.4407
24.5245,13.3455
24.4995,13.2504
24.4745,13.1552
24.4495,13.0601
24.4245,12.9649
24.3995,12.8698
24.3745,12.7746
24.3495,12.6795
24.3244,12.5844
24.2994,12.4892
24.2744,12.3941
24.2494,12.2989
24.2244,12.2038
24.1994,12.1086
24.1744,12.0135
24.1494,11.9183
24.1244,11.8232
24.0994,11.7281
24.0744,11.6329
24.0494,11.5378
24.0244,11.4426
23.9994,11.3475
23.9744,11.2523
23.9494,11.1572
--