--
43.769571884,10.43645063
43.769571871,10.436450613
43.769571872,10.436450602
43.769571872,10.436450619
43.769571876,10.436450608
43.769571874,10.436450595
43.769571921,10.436450592
43.769572057,10.436450612
43.769572206,10.436450596
43.76957231,10.436450611
43.769572374,10.436450617
43.769572418,10.436450602
43.769572546,10.436450606
43.769572714,10.436450603
43.769572938,10.436450611
43.769573077,10.436450628
43.769573208,10.436450638
43.769573365,10.436450632
43.769573493,10.436450633
43.769573846,10.436450664
43.76957407,10.436450663
43.769574416,10.436450688
43.769574647,10.436450702
43.769574824,10.436450706
43.769575176,10.436450739
43.7695755,10.436450766
43.769575714,10.436450777
43.769576108,10.436450803
43.769576373,10.436450814
43.769576872,10.436450878
43.76957748,10.436450933
43.769577773,10.436450974
43.769577924,10.436450998
43.769578077,10.436451028
43.769578543,10.436451117
43.769578596,10.436451121
43.769578637,10.436451136
43.769578732,10.436451129
43.769578771,10.436451126
43.769578829,10.436451152
43.769578973,10.436451189
43.769579123,10.43645118
43.769579325,10.436451194
43.769579478,10.436451205
43.769580013,10.43645128
43.769580175,10.436451282
43.769580744,10.43645125
43.769580925,10.436451262
43.769581013,10.436451272
43.769581278,10.436451307
43.769581368,10.436451326
43.769581594,10.436451315
43.769581697,10.436451323
43.769581969,10.436451278
43.76958242,10.436451213
43.769582719,10.436451164
43.769583141,10.436451094
43.769583294,10.436451047
43.769583543,10.436450983
43.769583662,10.436450986
43.769583909,10.436450904
43.769583986,10.436450873
43.769584186,10.436450794
43.769584276,10.436450761
43.769584471,10.436450702
43.76958458,10.436450698
43.769584664,10.436450706
43.769584848,10.436450634
43.769585157,10.436450508
43.769585438,10.436450339
43.76958565,10.436450221
43.769585759,10.436450157
43.769585927,10.436450065
43.769586027,10.436450006
43.769586453,10.436449768
43.769586675,10.436449641
43.769586943,10.436449503
43.769587061,10.436449445
43.769587172,10.436449401
43.7695874,10.436449257
43.769587556,10.436449163
43.769587683,10.436449098
43.769587853,10.436448992
43.769588162,10.436448801
43.76958836,10.436448677
43.76958861,10.436448537
43.769588775,10.436448425
43.769589002,10.436448289
43.769589233,10.436448143
43.769589558,10.436447957
43.769589768,10.43644784
43.769590054,10.436447765
43.769590174,10.436447726
43.769590281,10.436447652
43.769590369,10.436447636
43.769590406,10.436447602
43.769590448,10.436447597
43.7695905,10.436447607
43.769590561,10.436447595
43.769590618,10.436447586
43.769590673,10.436447594
43.769590728,10.436447608
43.769590781,10.436447618
43.769590844,10.436447602
43.769590909,10.436447586
43.769590952,10.436447574
43.769590996,10.436447573
43.769591062,10.436447579
43.769591118,10.436447574
43.769591179,10.43644757
43.769591312,10.436447653
43.769591376,10.43644772
43.769591422,10.436447749
43.769591459,10.43644777
43.769591537,10.43644783
43.769591627,10.43644791
43.769591696,10.436447959
43.769591784,10.436448026
43.769591853,10.436448047
43.769591918,10.436448108
43.76959198,10.436448133
43.769592042,10.436448136
43.769592092,10.436448175
43.769592177,10.436448295
43.769592243,10.436448379
43.769592331,10.436448513
43.769592353,10.436448565
43.769592381,10.436448579
43.769592401,10.436448601
43.769592417,10.436448659
43.769592428,10.436448728
43.76959245,10.436448828
43.769592476,10.436448941
43.769592501,10.436449011
43.769592513,10.436449099
43.76959255,10.436449228
43.76959258,10.436449241
43.769592586,10.436449282
43.769592581,10.436449369
43.76959258,10.436449443
43.769592578,10.436449504
43.769592575,10.436449549
43.769592534,10.436449718
43.769592486,10.436449907
43.769592471,10.436450026
43.76959246,10.43645014
43.769592442,10.436450217
43.769592429,10.436450323
43.76959242,10.436450435
43.769592402,10.436450548
43.769592349,10.43645071
43.769592324,10.436450783
43.769592255,10.436450916
43.769592212,10.436451054
43.769592184,10.436451144
43.769592129,10.436451299
43.769592093,10.436451413
43.769592067,10.436451477
43.769592041,10.43645157
43.769592011,10.436451657
43.769591974,10.436451755
43.769591882,10.436451945
43.769591837,10.436452052
43.769591789,10.436452265
43.769591717,10.436452411
43.769591627,10.436452572
43.769591587,10.436452669
43.769591492,10.43645283
43.769591408,10.436452965
43.76959132,10.436453103
43.769591222,10.436453241
43.7695911,10.436453375
43.769591015,10.436453502
43.769590786,10.436453733
43.769590588,10.43645394
43.769590505,10.436454044
43.769590394,10.43645416
43.769590252,10.436454309
43.769590019,10.436454537
43.769589897,10.436454673
43.769589648,10.436454797
43.769589515,10.436454871
43.769589355,10.436454962
43.769589246,10.436455031
43.769589093,10.436455047
43.769588987,10.436455068
43.769588858,10.436455056
43.769588764,10.436454993
43.769588707,10.436454924
43.769588697,10.43645495
43.769588686,10.436454968
43.769588676,10.436454994
43.769588665,10.436455064
43.769588672,10.436455114
43.769588686,10.436455152
43.7695887,10.436455199
43.769588729,10.436455236
43.769588777,10.4364553
43.769588813,10.436455309
43.769588843,10.436455322
43.769588874,10.436455346
43.76958891,10.436455361
43.769588935,10.436455373
43.76958898,10.436455378
43.769589025,10.436455384
43.769589046,10.436455401
43.769589054,10.436455417
43.769589055,10.436455422
43.76958906,10.436455455
43.76958907,10.43645547
43.769589103,10.436455461
43.769589088,10.43645549
43.769589054,10.436455492
43.769588996,10.436455481
43.769588938,10.436455458
43.769588899,10.436455446
43.769588843,10.436455402
43.769588831,10.4364554
43.769588763,10.436455356
43.769588725,10.436455324
43.769588679,10.436455277
43.769588596,10.43645522
43.769588582,10.436455212
43.769588572,10.436455193
43.769588554,10.436455164
43.76958849,10.436455134
43.769588463,10.436455112
43.769588446,10.436455121
43.769588441,10.436455135
43.769588408,10.43645514
43.769588352,10.436455131
43.769588254,10.436455092
43.769588102,10.436455046
43.769586506,10.436454412
43.769586391,10.436454354
43.769586252,10.436454302
43.769586104,10.436454251
43.769586022,10.436454228
43.769585902,10.43645421
43.769585789,10.436454168
43.769585736,10.436454081
43.76958563,10.436454064
43.769585488,10.436454035
43.769585452,10.436454016
43.769585423,10.436453996
43.769585381,10.436454
43.769585332,10.436453991
43.769585283,10.436453997
43.769585188,10.436454021
43.769585139,10.436454031
43.76958509,10.436454095
43.769584985,10.436454129
43.769584935,10.436454199
43.769584892,10.436454208
43.769584877,10.436454258
43.769584814,10.436454251
43.769584755,10.436454231
43.769584576,10.436454142
43.769584471,10.436454089
43.769584367,10.436454037
43.769584178,10.436453928
43.769584106,10.43645389
43.769584093,10.436453883
43.769584118,10.436453899
43.769584109,10.436453905
43.769584116,10.436453916
43.769584131,10.436453928
43.769584132,10.436453914
43.769584132,10.4364539
43.769584123,10.436453915
43.769584131,10.436453876
43.76958414,10.436453871
43.769584141,10.436453861
43.769584138,10.436453848
43.769584148,10.436453837
43.769584159,10.436453819
43.769584161,10.436453802
43.769584163,10.436453778
43.769584171,10.436453759
43.76958417,10.436453751
43.769584155,10.436453721
43.769584137,10.43645371
43.769584078,10.436453701
43.769583801,10.436453627
43.769583452,10.436453504
43.769583206,10.436453419
43.769582984,10.436453356
43.769582769,10.436453289
43.769582522,10.436453211
43.769582293,10.436453111
43.769581597,10.436452866
43.769581369,10.436452766
43.769581138,10.436452683
43.769580972,10.436452621
43.769580839,10.43645257
43.769580668,10.436452516
43.769580517,10.436452466
43.769580367,10.436452386
43.769580178,10.436452359
43.769579978,10.436452328
43.769579692,10.436452312
43.769579457,10.436452248
43.76957915,10.436452231
43.76957847,10.436452196
43.769576835,10.436452081
43.769576143,10.436452041
43.769575882,10.436452031
43.769575453,10.436452061
43.769575228,10.436452093
43.769574996,10.436452045
43.769574747,10.436452074
43.769574267,10.436452166
43.769574015,10.436452224
43.769573785,10.436452264
43.769573544,10.436452317
43.769573306,10.436452352
43.769573064,10.436452407
43.76957285,10.436452456
43.769572397,10.436452629
43.769572236,10.436452686
43.769572091,10.436452715
43.769571939,10.436452785
43.769571811,10.436452808
43.769571686,10.436452868
43.769571468,10.436452995
43.769571301,10.436453129
43.769571148,10.436453217
43.769571023,10.436453319
43.769570893,10.436453478
43.769570785,10.436453596
43.769570696,10.436453746
43.769570609,10.436453915
43.769570532,10.436454067
43.769570463,10.436454213
43.769570404,10.436454359
43.769570354,10.436454503
43.769570305,10.436454835
43.769570274,10.436454995
43.769570249,10.436455179
43.769570252,10.436455345
43.769570257,10.436455557
43.769570347,10.436455928
43.769570445,10.436456237
43.769570494,10.436456409
43.769570747,10.436457008
43.769570818,10.436457109
43.769570897,10.436457217
43.769571008,10.436457312
43.769571142,10.436457402
43.769571269,10.436457482
43.769571396,10.436457552
43.769571542,10.43645758
43.769571838,10.436457569
43.769571955,10.436457583
43.769572081,10.436457587
43.76957246,10.436457439
43.769572766,10.436457418
43.769573106,10.436457368
43.769573408,10.436457351
43.769573561,10.436457308
43.769573809,10.43645727
43.769574149,10.436457253
43.769574555,10.436457282
43.769574779,10.436457292
43.769575009,10.436457313
43.769575227,10.436457346
43.769575438,10.436457386
43.769575664,10.436457428
43.769575879,10.436457482
43.769576273,10.436457591
43.769576498,10.43645767
43.769576801,10.436457733
43.769577032,10.436457787
43.769577248,10.436457813
43.769577439,10.436457847
43.769577577,10.436457872
43.769577744,10.436457884
43.76957792,10.4364579
43.769578276,10.436457879
43.769578715,10.436457848
43.769578964,10.436457822
43.76957922,10.436457825
43.769579667,10.436457754
43.769579915,10.436457741
43.769580391,10.436457679
43.769580878,10.436457581
43.769581347,10.436457501
43.769581788,10.43645742
43.769582229,10.436457338
43.769582696,10.436457264
43.769583239,10.436457186
43.769583766,10.43645712
43.769584246,10.436457033
43.769584479,10.436456974
43.769584702,10.436456961
43.769584908,10.436456933
43.769585168,10.436456899
43.769586576,10.436456671
43.769586811,10.436456626
43.769587045,10.4364566
43.769587289,10.436456565
43.769587518,10.43645653
43.769587728,10.43645651
43.769587909,10.436456485
43.769588189,10.436456489
43.76958834,10.436456472
43.769588482,10.436456459
43.769588631,10.436456454
43.769588767,10.436456486
43.769588886,10.436456533
43.769589024,10.43645659
43.769589146,10.436456642
43.76958924,10.436456686
43.769589383,10.436456812
43.769589556,10.436456993
43.769589662,10.436457084
43.769589845,10.436457357
43.769589957,10.436457603
43.769590036,10.436457765
43.769590134,10.43645798
43.769590197,10.436458163
43.769590252,10.436458376
43.769590281,10.43645857
43.769590288,10.436458958
43.769590264,10.436459324
43.769590198,10.436459665
43.769590166,10.436459834
43.769590132,10.436459985
43.769590065,10.436460149
43.769590037,10.436460299
43.769589893,10.436460587
43.769589805,10.436460697
43.769589724,10.436460813
43.769589485,10.436461027
43.769589371,10.436461157
43.769589253,10.43646126
43.769589123,10.436461359
43.769589019,10.436461402
43.769588864,10.43646146
43.76958875,10.436461482
43.769588507,10.436461506
43.769588325,10.436461509
43.769588173,10.436461433
43.769588081,10.436461376
43.769587957,10.436461285
43.769587829,10.436461191
43.769587736,10.436461204
43.769587653,10.43646117
43.769587588,10.43646116
43.769587404,10.436461114
43.769587265,10.436461089
43.769587155,10.436461048
43.769587025,10.436461013
43.769586903,10.436460969
43.769586759,10.436460958
43.769586457,10.436460988
43.769586265,10.436461048
43.769586041,10.436461059
43.769585711,10.43646116
43.769585446,10.436461287
43.769585225,10.436461391
43.76958472,10.436461663
43.769584533,10.436461763
43.769584354,10.436461832
43.769584226,10.436461881
43.769584116,10.436461924
43.769584028,10.436461962
43.769583962,10.436462007
43.769583882,10.436462044
43.76958381,10.436462066
43.769583749,10.436462099
43.769583701,10.436462182
43.76958365,10.436462254
43.769583639,10.436462271
43.769583642,10.436462343
43.769583639,10.436462346
43.769583637,10.436462364
43.769583645,10.436462416
43.769583647,10.436462421
43.769583646,10.436462435
43.76958356,10.436462439
43.769583477,10.436462446
43.76958334,10.436462425
43.769583209,10.436462434
43.769583045,10.436462421
43.769582717,10.436462408
43.769582465,10.436462417
43.769582053,10.436462426
43.76958176,10.436462419
43.769581516,10.436462418
43.769581273,10.43646243
43.769580555,10.436462464
43.769579929,10.436462486
43.769579684,10.43646249
43.769579502,10.436462488
43.76957921,10.436462496
43.769578961,10.436462496
43.769578594,10.436462506
43.769578372,10.43646248
43.769576721,10.43646241
43.769575405,10.436462362
43.769574511,10.436462319
43.769573807,10.436462305
43.769573516,10.436462305
43.769573256,10.436462305
43.76957299,10.436462323
43.769572615,10.436462311
43.769572469,10.436462313
43.769572184,10.436462335
43.769572028,10.436462377
43.769571937,10.436462349
43.769571788,10.436462354
43.769571645,10.436462405
43.769571485,10.436462458
43.769571368,10.436462528
43.769571171,10.436462696
43.769571052,10.436462824
43.769570947,10.436462847
43.769570806,10.436462995
43.769570597,10.436463337
43.769570472,10.436463536
43.769570294,10.436463955
43.769570203,10.436464086
43.769570136,10.436464282
43.769570076,10.436464422
43.769570018,10.436464538
43.769569953,10.43646478
43.76956991,10.436464941
43.769569883,10.436465117
43.769569878,10.436465323
43.76956992,10.436465693
43.769569948,10.436465951
43.769570023,10.436466258
43.769570135,10.436466553
43.769570261,10.436466799
43.769570328,10.436466961
43.769570506,10.436467154
43.769570586,10.436467283
43.769570672,10.436467397
43.769570793,10.436467505
43.769570924,10.4364676
43.769571041,10.436467641
43.769571177,10.436467715
43.769571325,10.436467766
43.76957143,10.436467787
43.769571584,10.436467838
43.769571723,10.436467857
43.769571842,10.436467823
43.769571967,10.436467775
43.769572097,10.436467703
43.769572286,10.436467592
43.769572375,10.43646753
43.769572494,10.436467391
43.769572575,10.436467314
43.769572772,10.436467041
43.769572895,10.436466859
43.769573142,10.436466488
43.769573297,10.436466244
43.769573444,10.436466056
43.76957364,10.436465752
43.769573762,10.436465581
43.769573895,10.436465401
43.769574046,10.436465192
43.769574172,10.436465023
43.769574308,10.436464863
43.769574476,10.436464654
43.769574778,10.436464305
43.769574913,10.436464174
43.769575085,10.436464018
43.769575231,10.436463881
43.769575408,10.4364637
43.769575612,10.436463512
43.769575753,10.436463389
43.76957605,10.436463199
43.769576254,10.436463096
43.769576459,10.436462965
43.769576637,10.436462876
43.769577061,10.436462697
43.769577295,10.436462552
43.769577499,10.436462487
43.769577709,10.436462462
43.769578158,10.436462363
43.769578396,10.436462306
43.769579337,10.43646212
43.769580517,10.436461853
43.769580972,10.43646177
43.769581254,10.436461709
43.769581763,10.436461631
43.769581967,10.436461622
43.769582441,10.436461549
43.769582946,10.436461495
43.769583603,10.436461351
43.769583838,10.436461313
43.769584072,10.436461291
43.769584284,10.436461264
43.769584492,10.436461246
43.769584705,10.436461218
43.769584931,10.436461209
43.769585165,10.436461187
43.769585453,10.436461205
43.769585624,10.436461212
43.769585886,10.43646122
43.769586307,10.43646129
43.769586522,10.436461299
43.76958665,10.436461291
43.769587007,10.43646144
43.769587189,10.436461517
43.769587376,10.436461597
43.769587603,10.436461715
43.769587817,10.436461832
43.769587976,10.436461924
43.769588286,10.436462109
43.769588493,10.436462258
43.769588666,10.43646238
43.769588951,10.436462605
43.769589164,10.436462812
43.769589293,10.436462914
43.769589439,10.436463135
43.769589541,10.436463291
43.76958964,10.436463437
43.769589713,10.436463508
43.769589791,10.436463683
43.769589865,10.436463821
43.76958993,10.436464017
43.769589983,10.436464128
43.769590027,10.436464331
43.769590063,10.436464528
43.769590093,10.436464718
43.76959008,10.436465096
43.769590065,10.43646534
43.769590011,10.436465646
43.769589983,10.436465846
43.769589938,10.43646604
43.76958989,10.436466247
43.769589818,10.436466453
43.769589721,10.436466659
43.769589656,10.436466815
43.769589543,10.436466964
43.76958945,10.436467091
43.76958936,10.436467231
43.769589152,10.43646741
43.769589002,10.436467524
43.769588883,10.436467615
43.769588783,10.436467698
43.76958864,10.436467753
43.76958852,10.4364678
43.769588399,10.436467811
43.769588289,10.436467851
43.769588112,10.436467827
43.769587983,10.436467821
43.769587858,10.436467793
43.769587713,10.436467698
43.769587569,10.43646762
43.769587457,10.436467525
43.769587305,10.436467383
43.769587167,10.43646724
43.769586914,10.43646686
43.76958681,10.436466689
43.769586592,10.436466175
43.769586479,10.436465908
43.769586393,10.436465699
43.769586305,10.436465489
43.769586233,10.436465272
43.76958616,10.436465053
43.769586099,10.436464859
43.769585932,10.43646432
43.76958583,10.436464027
43.769585737,10.43646381
43.769585658,10.436463624
43.769585615,10.436463466
43.769585545,10.436463269
43.769585514,10.436463135
43.769585423,10.436462956
43.769585396,10.436462806
43.769585307,10.436462676
43.769585235,10.436462516
43.769585141,10.436462388
43.76958507,10.436462244
43.76958496,10.436462099
43.769584824,10.436461973
43.769584715,10.436461882
43.769584544,10.436461797
43.769584404,10.436461712
43.76958429,10.436461606
43.769584106,10.436461593
43.769583935,10.436461577
43.769583723,10.436461549
43.769583467,10.436461472
43.769583308,10.436461435
43.769583065,10.436461428
43.769582876,10.436461409
43.769582702,10.436461398
43.769582393,10.436461352
43.769582127,10.436461354
43.769581747,10.436461318
43.76958154,10.436461336
43.769581275,10.436461376
43.769580854,10.436461406
43.769580629,10.436461451
43.769580477,10.43646149
43.769580288,10.436461549
43.769580098,10.436461576
43.769579793,10.436461655
43.769579599,10.436461673
43.769579392,10.436461772
43.769579212,10.436461784
43.769578997,10.436461897
43.769578748,10.436462011
43.769578482,10.436462177
43.769577802,10.436462586
43.769577595,10.436462716
43.769577258,10.43646296
43.769577091,10.436463072
43.769576928,10.436463191
43.769576638,10.436463512
43.769576465,10.436463689
43.769576177,10.436464012
43.76957605,10.436464167
43.769575909,10.436464348
43.769575713,10.436464612
43.769575559,10.436464768
43.769575352,10.436465082
43.769575046,10.436465593
43.769574765,10.436466054
43.769574547,10.436466443
43.769574451,10.436466609
43.769574229,10.436467085
43.769574119,10.436467267
43.769573996,10.436467612
43.769573879,10.436467905
43.769573478,10.436468964
43.769573204,10.436469639
43.769573044,10.436470063
43.769572946,10.436470283
43.769572853,10.436470455
43.769572769,10.436470679
43.769572701,10.436470886
43.769572637,10.436471011
43.769572566,10.436471148
43.769572558,10.436471172
43.769572584,10.436471185
43.769572598,10.43647119
43.769572584,10.436471242
43.769572547,10.436471308
43.76957251,10.436471432
43.769572412,10.436471548
43.769572305,10.436471721
43.769572195,10.436471846
43.769572035,10.436472008
43.769571776,10.436472276
43.76957154,10.436472476
43.769571433,10.43647257
43.769571373,10.436472624
43.769571325,10.43647267
43.769571252,10.436472723
43.769571061,10.436472835
43.769570978,10.436472897
43.769570761,10.436473017
43.769570652,10.436473073
43.769570578,10.436473142
43.769570471,10.436473194
43.769570338,10.436473206
43.769570287,10.436473236
43.76957023,10.436473257
43.769570114,10.436473287
43.769570023,10.436473309
43.769569793,10.436473291
43.769569517,10.436473155
43.76956939,10.436473134
43.769569218,10.436473023
43.769569147,10.436473025
43.769568997,10.436472909
43.769568879,10.436472778
43.76956876,10.436472632
43.769568619,10.436472467
43.769568528,10.436472325
43.769568405,10.436472111
43.769568306,10.436471874
43.76956823,10.43647168
43.76956811,10.436471266
43.769568022,10.436470987
43.76956795,10.436470717
43.76956787,10.436470426
43.769567785,10.436470075
43.769567686,10.436469682
43.769567603,10.436469242
43.769567549,10.436469016
43.769567499,10.43646877
43.769567451,10.436468535
43.769567419,10.436468298
43.769567395,10.43646807
43.769567371,10.436467862
43.769567364,10.436467595
43.769567359,10.436467336
43.769567361,10.436467062
43.769567373,10.436466773
43.769567395,10.436466472
43.769567437,10.43646607
43.769567509,10.436465585
43.769567532,10.436465359
43.769567559,10.436465105
43.769567595,10.436464815
43.769567653,10.436464492
43.769567784,10.436463851
43.76956787,10.436463477
43.76956795,10.436463118
43.769568034,10.436462823
43.769568194,10.436462234
43.769568271,10.436461955
43.769568347,10.436461685
43.769568421,10.436461415
43.769568553,10.436460945
43.769568684,10.436460536
43.769568754,10.436460355
43.769568818,10.436460175
43.76956889,10.436460031
43.769568962,10.436459873
43.769569027,10.436459754
43.769569092,10.436459641
43.769569165,10.436459537
43.76956926,10.436459409
43.769569346,10.436459285
43.769569449,10.436459175
43.769569571,10.436459082
43.769569835,10.436458961
43.769569977,10.436458886
43.769570123,10.436458838
43.769570297,10.436458788
43.769570481,10.436458766
43.769570807,10.436458779
43.769570938,10.436458758
43.769571191,10.436458757
43.769571386,10.436458788
43.769571573,10.436458815
43.769571884,10.436458951
43.769572075,10.436458996
43.769572262,10.436459101
43.769572586,10.436459296
43.769572752,10.436459372
43.769572913,10.436459469
43.769573082,10.436459526
43.769573227,10.436459593
43.769573348,10.436459646
43.76957348,10.436459673
43.769573598,10.436459715
43.769573748,10.436459743
43.769573919,10.436459767
43.769574097,10.436459778
43.769574286,10.436459748
43.769574475,10.436459737
43.769574721,10.436459693
43.769574955,10.436459663
43.769575861,10.436459459
43.769577342,10.436459118
43.769577617,10.436459062
43.769577868,10.436459025
43.769578107,10.436458988
43.769578343,10.436458964
43.769578545,10.436458953
43.769578802,10.43645896
43.769578939,10.436458965
43.769579093,10.436458946
43.769579236,10.436458953
43.769579393,10.436458983
43.769579526,10.436458994
43.769579709,10.436459081
43.769579884,10.436459164
43.769580081,10.436459281
43.769580281,10.43645942
43.769580681,10.436459736
43.76958107,10.436460061
43.769581634,10.436460563
43.769581773,10.436460664
43.76958192,10.436460781
43.769582073,10.436460895
43.769582224,10.436461031
43.769582396,10.436461204
43.76958281,10.43646156
43.769583039,10.436461755
43.769583281,10.436461946
43.769583473,10.436462094
43.769583703,10.436462256
43.769584369,10.43646274
43.769584803,10.436463084
43.769585024,10.436463234
43.769585241,10.436463414
43.769585423,10.436463567
43.769585715,10.436463868
43.769585897,10.436464026
43.769586231,10.436464376
43.769586397,10.43646453
43.769586772,10.436464959
43.769586894,10.436465087
43.769586983,10.436465202
43.769587033,10.436465262
43.769587117,10.436465371
43.769587108,10.436465369
43.769587102,10.436465355
43.769587106,10.436465354
43.769587126,10.436465341
43.769587206,10.436465413
43.769587297,10.436465511
43.769587437,10.436465684
43.769587624,10.436465966
43.769587799,10.436466183
43.769587976,10.436466429
43.76958815,10.436466683
43.769588321,10.436466928
43.769588631,10.436467432
43.769588888,10.436467795
43.76958901,10.43646797
43.769589115,10.436468133
43.769589219,10.436468296
43.769589292,10.436468423
43.769589354,10.436468529
43.769589422,10.436468641
43.769589475,10.436468717
43.769589476,10.436468776
43.769589451,10.436468813
43.769589438,10.436468838
43.769589419,10.436468846
43.769589403,10.436468879
43.769589404,10.436468886
43.76958941,10.436468884
43.769589417,10.436468897
43.769589421,10.436468898
43.769589423,10.436468899
43.769589424,10.436468904
43.769589423,10.436468936
43.769589412,10.436468967
43.769589401,10.436469007
43.769589377,10.436469022
43.769589366,10.436469048
43.769589365,10.43646906
43.769589363,10.436469055
43.769589435,10.436469091
43.76958949,10.436469141
43.769589528,10.436469166
43.76958957,10.436469204
43.769589633,10.436469234
43.769589687,10.436469256
43.769589754,10.436469299
43.769589808,10.43646932
43.769589859,10.436469358
43.769589859,10.436469383
43.769589945,10.43646943
43.769590001,10.436469474
43.769590063,10.436469519
43.769590125,10.436469544
43.76959017,10.436469573
43.769590246,10.436469649
43.769590286,10.436469715
43.769590291,10.436469742
43.769590289,10.436469754
43.769590406,10.436469804
43.769590647,10.436469915
43.769590925,10.436470058
43.769591109,10.436470126
43.769591316,10.436470234
43.769591502,10.436470331
43.769591683,10.436470437
43.769591839,10.436470518
43.769591945,10.436470578
43.769592039,10.436470639
43.769592099,10.436470685
43.769592193,10.43647076
43.769592211,10.436470809
43.769592217,10.436470836
43.769592213,10.436470853
43.769592217,10.43647086
43.769592208,10.436470853
43.769592192,10.436470849
43.769592159,10.436470846
43.76959215,10.436470866
43.769592131,10.436470935
43.769592118,10.436471006
43.769592116,10.436471093
43.769592101,10.436471114
43.769592098,10.436471174
43.769592094,10.436471208
43.769592101,10.436471257
43.769592094,10.436471299
43.769592078,10.436471334
43.769592083,10.436471348
43.769592101,10.43647136
43.769592135,10.436471366
43.769592139,10.436471393
43.76959215,10.436471429
43.76959217,10.436471464
43.769592186,10.436471506
43.769592207,10.436471576
43.76959222,10.436471588
43.769592234,10.436471603
43.769592248,10.436471607
43.769592253,10.43647164
43.769592253,10.436471668
43.769592257,10.436471674
43.769592269,10.436471696
43.769592273,10.436471713
43.769592272,10.436471735
43.769592279,10.43647174
43.769592285,10.436471734
43.769592303,10.436471733
43.769592321,10.436471743
43.769592339,10.436471744
43.76959234,10.436471774
43.769592346,10.436471805
43.769592352,10.436471846
43.769592362,10.436471867
43.769592378,10.436471884
43.769592406,10.436471908
43.769592414,10.43647198
43.769592433,10.436472006
43.769592476,10.43647203
43.769592503,10.436472015
43.769592518,10.436472008
43.769592597,10.436471794
43.769592635,10.436471653
43.769592698,10.436471427
43.769592783,10.436471173
43.76959286,10.436470911
43.76959295,10.436470618
43.769593027,10.43647036
43.769593123,10.436470051
43.769593196,10.436469778
43.769593271,10.436469561
43.769593313,10.436469413
43.769593407,10.436469152
43.769593453,10.436469041
43.769593511,10.436468941
43.769593553,10.436468832
43.769593586,10.436468732
43.76959361,10.436468728
43.769593624,10.436468738
43.769593627,10.436468759
43.769593641,10.436468794
43.769593658,10.436468782
43.769593683,10.436468795
43.769593718,10.436468797
43.769593771,10.43646878
43.769593822,10.436468657
43.769593865,10.43646832
43.769593874,10.43646805
43.769593883,10.436467826
43.769593902,10.436467509
43.769593896,10.436466628
43.769593865,10.436465917
43.769593871,10.436465563
43.769593864,10.436465161
43.769593842,10.436464542
43.769593835,10.436463775
43.769593834,10.436463407
43.76959383,10.436463069
43.769593825,10.436462421
43.769593855,10.436461935
43.769593877,10.436461661
43.769593899,10.43646133
43.769593965,10.436460705
43.769594025,10.436460074
43.769594081,10.43645961
43.769594126,10.436459214
43.769594207,10.436458571
43.769594243,10.436458253
43.769594281,10.436457978
43.769594324,10.436457749
43.769594351,10.436457493
43.769594381,10.436457036
43.7695944,10.4364567
43.769594428,10.436456105
43.769594436,10.436455697
43.769594442,10.436455058
43.769594433,10.436454686
43.769594458,10.436454348
43.769594463,10.436453953
43.769594473,10.436453638
43.769594485,10.436453291
43.769594483,10.436452971
43.769594493,10.436452475
43.7695945,10.436452067
43.769594516,10.436451709
43.769594519,10.436451427
43.769594524,10.436451143
43.769594538,10.436450792
43.769594538,10.436450454
43.769594541,10.43645013
43.769594543,10.436449787
43.76959455,10.436449458
43.769594564,10.436448839
43.769594575,10.43644832
43.769594587,10.436447588
43.769594591,10.436447142
43.769594585,10.436446783
43.769594585,10.436446127
43.769594579,10.436445776
43.769594576,10.436445428
43.769594577,10.436445091
43.769594581,10.436444751
43.769594592,10.436444449
43.769594637,10.436443998
43.769594683,10.436443712
43.76959472,10.436443486
43.769594731,10.436443298
43.769594798,10.436443035
43.769594819,10.436442903
43.769594841,10.436442747
43.769594869,10.43644263
43.769594863,10.436442561
43.769594839,10.436442528
43.769594801,10.436442527
43.769594787,10.436442473
43.769594777,10.436442415
43.769594769,10.436442358
43.769594745,10.436442333
43.769594672,10.436442366
43.769594652,10.43644236
43.769594655,10.436442376
43.76959466,10.436442352
43.769594757,10.436442237
43.769594805,10.436442197
43.769594857,10.436442156
43.76959491,10.436442108
43.769594994,10.436442034
43.769595041,10.43644198
43.769595113,10.436441924
43.76959518,10.436441876
43.76959524,10.436441808
43.76959529,10.436441748
43.769595403,10.436441634
43.769595469,10.436441556
43.769595526,10.436441499
43.769595573,10.436441458
43.769595621,10.436441414
43.769595671,10.436441381
43.769595701,10.436441328
43.769595726,10.436441289
43.769595744,10.436441238
43.769595751,10.4364412
43.769595771,10.436441182
43.769595786,10.43644114
43.769595794,10.436441076
43.769595837,10.436441072
43.769595875,10.436441095
43.769595922,10.436441113
43.769595973,10.436441132
43.769595981,10.436441125
43.769595991,10.436441124
43.769595992,10.43644111
43.769595992,10.4364411
43.769596003,10.4364411
43.769596008,10.436441089
43.769596018,10.436441071
43.769596047,10.436441011
43.76959608,10.436440973
43.769596145,10.436440991
43.769596218,10.436440987
43.76959631,10.436441034
43.769596397,10.436441095
43.769596469,10.43644118
43.769596521,10.436441245
43.769596564,10.436441281
43.769596617,10.436441354
43.7695967,10.436441442
43.769596772,10.436441484
43.769596898,10.436441483
43.769596938,10.436441461
43.769596956,10.436441465
43.76959698,10.436441475
43.769596998,10.43644149
43.769597025,10.436441507
43.769597045,10.4364415
43.769597054,10.436441492
43.769597063,10.436441516
43.769597083,10.436441577
43.769597102,10.436441803
43.769597106,10.436441886
43.769597118,10.436441977
43.769597125,10.436442041
43.769597126,10.436442089
43.769597132,10.436442154
43.769597145,10.436442225
43.76959716,10.436442294
43.769597178,10.436442418
43.769597182,10.436442475
43.769597189,10.436442509
43.769597195,10.436442524
43.769597196,10.436442579
43.769597194,10.436442774
43.769597197,10.436443071
43.769597209,10.436444032
43.769597209,10.436444386
43.769597193,10.436445069
43.769597183,10.436445744
43.769597158,10.436446341
43.769597141,10.436446654
43.769597134,10.436447031
43.769597125,10.436447427
43.769597112,10.436447755
43.769597107,10.436448032
43.769597067,10.436448992
43.769597044,10.436449717
43.769597005,10.436450915
43.769596999,10.436451269
43.769596989,10.436451904
43.769596973,10.43645234
43.769596944,10.436453221
43.769596934,10.436453512
43.769596924,10.436453873
43.76959689,10.436455099
43.76959688,10.436455506
43.76959687,10.4364559
43.769596858,10.436456269
43.769596844,10.436456593
43.769596814,10.436457468
43.769596799,10.436457768
43.769596785,10.43645812
43.769596772,10.436458441
43.76959676,10.436458783
43.769596743,10.436459457
43.769596705,10.436460301
43.769596691,10.436460577
43.769596678,10.436460833
43.769596665,10.436461137
43.769596652,10.436461566
43.769596623,10.436462081
43.769596568,10.436463003
43.769596537,10.436463565
43.7695965,10.436464227
43.769596488,10.436464575
43.769596474,10.436464944
43.769596455,10.436465283
43.769596432,10.436465624
43.769596386,10.436466651
43.769596361,10.43646705
43.769596329,10.436467626
43.769596277,10.43646817
43.76959625,10.436468431
43.769596235,10.436468721
43.769596226,10.43646898
43.769596219,10.436469252
43.769596195,10.436469461
43.769596193,10.436469543
43.769596201,10.436469487
43.769596218,10.436469503
43.769596222,10.436469485
43.769596218,10.436469462
43.76959621,10.43646943
43.769596194,10.436469394
43.769596165,10.436469345
43.769596128,10.436469324
43.769596069,10.436469267
43.769596039,10.436469261
43.769595991,10.436469264
43.769595925,10.436469263
43.769595885,10.436469336
43.76959583,10.436469357
43.769595753,10.436469361
43.769595715,10.436469446
43.769595678,10.436469534
43.769595648,10.436469618
43.769595623,10.436469724
43.769595604,10.436469785
43.769595587,10.43646985
43.769595569,10.436469911
43.769595541,10.436470012
43.769595494,10.43647008
43.76959543,10.436470168
43.769595376,10.436470255
43.769595353,10.436470307
43.769595334,10.436470344
43.769595328,10.436470375
43.76959533,10.436470397
43.769595355,10.436470398
43.769595397,10.436470396
43.769595469,10.436470391
43.769595633,10.436470392
43.769595743,10.436470397
43.769595849,10.43647039
43.76959594,10.436470369
43.769596021,10.436470377
43.769596106,10.436470378
43.769596188,10.43647038
43.769596276,10.436470385
43.769596295,10.436470407
43.769596266,10.436470462
43.769596251,10.436470494
43.769596238,10.436470479
43.769596235,10.436470508
43.769596261,10.436470507
43.769596303,10.436470512
43.769596362,10.436470507
43.769596426,10.436470502
43.769596497,10.436470484
43.769596593,10.436470454
43.769596671,10.436470418
43.769596741,10.43647038
43.76959682,10.436470329
43.769596856,10.43647036
43.769596875,10.436470398
43.76959689,10.436470426
43.769596901,10.436470446
43.769597068,10.43647024
43.76959723,10.436470056
43.769597313,10.436469954
43.769597514,10.436469669
43.769597644,10.436469551
43.76959775,10.436469423
43.76959786,10.436469301
43.769597937,10.436469203
43.769597992,10.436469116
43.769598018,10.436469116
43.769598004,10.436469119
43.769598044,10.436469042
43.769598092,10.436468949
43.769598154,10.436468834
43.769598232,10.436468711
43.76959833,10.436468547
43.769598401,10.436468415
43.769598477,10.436468268
43.76959856,10.436468141
43.769598678,10.436467952
43.769598678,10.436467952
43.769599055,10.436467812
43.76959919,10.436467419
43.769599324,10.436467152
43.769599429,10.436466877
43.76959962,10.436466325
43.769599738,10.436466008
43.769599851,10.436465709
43.769599975,10.436465351
43.769600081,10.43646496
43.769600242,10.436464308
43.769600355,10.436463745
43.769600525,10.436462912
43.769600607,10.436462564
43.769600717,10.436462073
43.769600779,10.436461794
43.769600862,10.436461353
43.769601002,10.43646058
43.769601071,10.436460223
43.769601133,10.436459926
43.769601172,10.43645967
43.769601258,10.436459225
43.769601348,10.436458715
43.769601438,10.436458474
43.769601491,10.436458153
43.769601512,10.436457775
43.769601527,10.436457288
43.769601535,10.43645651
43.769601547,10.436455857
43.769601555,10.436455418
43.769601573,10.436454845
43.769601576,10.436453981
43.769601569,10.436453442
43.769601582,10.436452967
43.769601592,10.436452527
43.769601587,10.436451983
43.76960157,10.436450741
43.76960155,10.436449324
43.769601552,10.436449015
43.769601564,10.436448688
43.769601531,10.436448407
43.769601518,10.436448203
43.769601477,10.436448058
43.769601443,10.436447973
43.769601424,10.436447844
43.769601402,10.436447704
43.769601374,10.436447657
43.769601322,10.436447576
43.769601272,10.436447435
43.769601175,10.436447424
43.769601117,10.436447329
43.769601079,10.436447187
43.769601011,10.43644709
43.769600955,10.436447019
43.769600933,10.436446938
43.769600882,10.436446821
43.769600818,10.436446771
43.769600794,10.436446714
43.769600767,10.43644663
43.76960073,10.436446576
43.769600692,10.436446516
43.769600672,10.436446467
43.76960065,10.436446409
43.769600625,10.436446364
43.769600619,10.436446328
43.769600631,10.436446297
43.769600695,10.436446298
43.769600914,10.436446233
43.769601235,10.436446179
43.769601473,10.436446167
43.769601684,10.436446107
43.769602041,10.43644607
43.769602308,10.436446042
43.769602543,10.436446043
43.769602947,10.436446067
43.769603174,10.436446098
43.769603403,10.436446141
43.769603597,10.436446161
43.769603744,10.436446178
43.76960388,10.436446151
43.769603928,10.436446119
43.769603966,10.436446104
43.769603965,10.436446083
43.769604014,10.436446036
43.769604111,10.436445962
43.769604215,10.436445911
43.769604332,10.436445859
43.769604437,10.436445857
43.769604575,10.436445809
43.769604648,10.43644574
43.769604705,10.436445663
43.769604758,10.436445557
43.769604828,10.436445481
43.769604894,10.436445438
43.769605005,10.436445434
43.769605105,10.436445458
43.769605261,10.436445591
43.7696054,10.436445816
43.769605497,10.436445952
43.769605595,10.436446119
43.769605665,10.436446324
43.769605771,10.436446642
43.769605827,10.436446907
43.769605874,10.436447127
43.769605975,10.436447434
43.769606039,10.436447791
43.769606059,10.4364481
43.769606057,10.436448371
43.769606039,10.436448654
43.769606023,10.436448879
43.769606019,10.436449083
43.76960599,10.436449434
43.769605852,10.436449854
43.769605831,10.43645005
43.769605771,10.436450269
43.769605699,10.436450393
43.769605597,10.436450657
43.769605537,10.436450809
43.769605464,10.436451038
43.769605389,10.436451326
43.769605333,10.43645167
43.769605265,10.43645202
43.769605202,10.436452391
43.769605142,10.436452773
43.769605045,10.436453574
43.769605001,10.436453944
43.769604942,10.43645444
43.769604899,10.436454805
43.769604834,10.436455285
43.769604805,10.436455532
43.769604769,10.436455838
43.769604726,10.436456319
43.769604674,10.436456736
43.769604537,10.436458098
43.7696045,10.436458425
43.769604462,10.436458771
43.769604424,10.436459107
43.769604278,10.436460491
43.769604225,10.436460892
43.769604152,10.436461414
43.769604109,10.436461679
43.769604081,10.436461973
43.769604034,10.436462439
43.769603969,10.436462837
43.769603881,10.436463835
43.769603808,10.436464404
43.769603774,10.436464578
43.769603834,10.436464581
43.769603802,10.436464544
43.769603775,10.436464678
43.769603745,10.436464913
43.76960372,10.436465288
43.769603689,10.436465598
43.769603628,10.43646591
43.769603578,10.436466257
43.769603424,10.436467155
43.769603286,10.436467977
43.769603248,10.436468289
43.769603178,10.436468687
43.769602935,10.436469895
43.769602866,10.436470297
43.769602833,10.436470454
43.769602835,10.436470458
43.76960283,10.436470463
43.769602798,10.436470511
43.769602758,10.436470558
43.769602736,10.436470559
43.769602703,10.436470551
43.769602666,10.436470514
43.769602607,10.436470456
43.769602542,10.436470419
43.76960244,10.436470484
43.769602354,10.436470564
43.769602289,10.436470668
43.769602216,10.43647073
43.76960218,10.436470762
43.769602164,10.436470788
43.769602119,10.436470799
43.769602106,10.436470762
43.769602086,10.436470696
43.769602039,10.436470633
43.769601999,10.436470663
43.76960191,10.436470717
43.769601871,10.436470795
43.769601833,10.436470819
43.769601794,10.436470863
43.769601774,10.436470826
43.769601655,10.436470601
43.769601555,10.436470413
43.769601459,10.436470223
43.769601133,10.436469554
43.769601004,10.436469324
43.769600876,10.436469089
43.769600831,10.436468931
43.769600808,10.436468826
43.769600776,10.436468623
43.769600739,10.436468507
43.769600661,10.436468402
43.769600631,10.436468378
43.769600592,10.436468348
43.76960055,10.436468373
43.769600507,10.436468396
43.769600476,10.436468423
43.769600501,10.436468544
43.769600534,10.436468631
43.769600649,10.436468782
43.769600709,10.436468864
43.769600785,10.43646901
43.76960084,10.43646914
43.769600856,10.436469258
43.769600828,10.43646945
43.769600798,10.43646954
43.769600788,10.436469615
43.769600775,10.43646962
43.769600795,10.436469693
43.769600905,10.436469788
43.769600991,10.436469876
43.769601193,10.436470047
43.769601297,10.43647015
43.769601412,10.436470193
43.769601496,10.436470248
43.769601556,10.436470294
43.769601602,10.436470357
43.769601668,10.436470471
43.769601692,10.436470547
43.769601692,10.436470632
43.769601707,10.43647073
43.76960171,10.436470813
43.769601672,10.436470845
43.769601468,10.436470807
43.769601353,10.436470736
43.769601056,10.436470546
43.769600721,10.436470376
43.769600009,10.436469926
43.769599947,10.436469849
43.769599895,10.436469795
43.769599849,10.436469734
43.769599757,10.436469705
43.76959967,10.436469698
43.769599504,10.436469707
43.769599406,10.436469749
43.76959932,10.436469801
43.769599275,10.436469869
43.769599223,10.436469899
43.76959916,10.43646997
43.769599186,10.436470015
43.769599285,10.436470034
43.769599404,10.436470049
43.769599549,10.436470063
43.769599711,10.436470061
43.769599997,10.436470052
43.769600175,10.436470077
43.76960046,10.436470115
43.769600516,10.436470112
43.76960053,10.436470142
43.769600566,10.436470171
43.769600627,10.436470181
43.769600706,10.43647017
43.769600824,10.436470146
43.769601035,10.436470126
43.769601119,10.436470145
43.769601157,10.436470157
43.769601151,10.436470145
43.769601133,10.436470156
43.7696012,10.436470141
43.769601348,10.436470137
43.769601517,10.436470168
43.769601665,10.436470179
43.769601914,10.436470187
43.769601967,10.436470209
43.769601982,10.436470211
43.76960196,10.436470152
43.769601976,10.436470107
43.769601966,10.436470129
43.769601936,10.436470168
43.769601895,10.436470209
43.769601897,10.436470259
43.769601891,10.436470383
43.769601902,10.436470495
43.769601901,10.436470631
43.769601905,10.436470827
43.769601897,10.436470908
43.769601923,10.436470952
43.769601993,10.436470918
43.769602041,10.436470891
43.769602107,10.436470867
43.769602162,10.436470822
43.769602195,10.436470809
43.769602226,10.436470787
43.769602267,10.436470756
43.76960238,10.436470735
43.769602454,10.436470674
43.769602551,10.436470603
43.769602642,10.436470589
43.769602727,10.436470539
43.769602867,10.436470462
43.769603007,10.436470384
43.769603147,10.436470303
43.769603427,10.436470089
43.769603596,10.43646999
43.769603643,10.436469938
43.769603698,10.436469924
43.76960375,10.436469943
43.769603784,10.436469984
43.769603822,10.43647004
43.769603823,10.436470118
43.769603861,10.436470181
43.769603908,10.436470151
43.769604059,10.436469967
43.769604198,10.436469827
43.769604353,10.436469692
43.769604549,10.436469471
43.76960474,10.436469337
43.769604917,10.436469096
43.769605043,10.436468944
43.769605354,10.436468529
43.769605526,10.436468349
43.76960579,10.436467968
43.769605984,10.436467776
43.769606127,10.436467647
43.769606248,10.436467482
43.769606365,10.436467297
43.769606597,10.436466941
43.769606718,10.436466625
43.769606799,10.436466333
43.769606909,10.436465949
43.769607015,10.436465636
43.76960725,10.436464716
43.769607361,10.436464353
43.76960741,10.436464181
43.769607456,10.436464071
43.769607513,10.436463829
43.769607577,10.436463618
43.769607653,10.436463391
43.769607716,10.436463123
43.769607792,10.436462494
43.769607857,10.436462103
43.769607919,10.4364617
43.769607944,10.436461306
43.76960799,10.436460598
43.769608002,10.43646013
43.769607984,10.436459487
43.769607953,10.436459193
43.76960793,10.4364589
43.769607913,10.436457871
43.769607912,10.436457438
43.769607909,10.436457127
43.769607913,10.436456841
43.769607884,10.436456538
43.76960788,10.436456241
43.76960794,10.436454748
43.769607951,10.436454189
43.76960797,10.436453195
43.769607985,10.436452549
43.769607994,10.4364522
43.769608036,10.436451592
43.769608046,10.436451128
43.769608068,10.436450701
43.769608073,10.436450448
43.769608102,10.436449641
43.769608103,10.436449336
43.76960812,10.436448985
43.769608171,10.436448497
43.769608205,10.436448277
43.769608204,10.436447949
43.76960819,10.436447607
43.769608162,10.436447423
43.76960815,10.4364472
43.769608129,10.436447004
43.769608078,10.436446802
43.769608036,10.436446621
43.769608025,10.436446426
43.769608012,10.436446261
43.769607975,10.436446134
43.769607955,10.436445994
43.76960791,10.43644586
43.769607944,10.436445635
43.769608016,10.436445412
43.769608037,10.436445267
43.769608163,10.436445026
43.769608589,10.436444797
43.769608896,10.436444629
43.769609208,10.436444517
43.769609544,10.436444351
43.769609618,10.436444326
43.76960989,10.436444359
43.769610115,10.436444415
43.769610444,10.436444702
43.769610591,10.43644495
43.769610813,10.436445355
43.769611037,10.436445829
43.769611235,10.436446303
43.769611422,10.436446675
43.769611589,10.436447119
43.769611826,10.436447931
43.769611848,10.436448115
43.769611926,10.436448614
43.769611939,10.436448931
43.769612069,10.436449676
43.769612204,10.436450361
43.769612284,10.436450819
43.769612416,10.436451547
43.769612505,10.436451914
43.769612555,10.436452733
43.769612592,10.43645349
43.769612627,10.436454672
43.769612639,10.436455452
43.769612636,10.43645661
43.769612647,10.436457311
43.769612652,10.436458032
43.769612638,10.436458709
43.769612628,10.436459503
43.769612617,10.436460114
43.769612608,10.436460422
43.769612613,10.436460888
43.769612609,10.436461472
43.769612608,10.43646198
43.769612593,10.436462368
43.769612576,10.436462662
43.769612542,10.436462908
43.769612509,10.436463086
43.769612472,10.436463144
43.76961244,10.436463238
43.76961232,10.436463402
43.769612232,10.436463654
43.769612204,10.436463894
43.769612311,10.436464193
43.769612708,10.436464611
43.769613472,10.436465088
43.76961404,10.436465413
43.769614375,10.436465587
43.769614583,10.43646572
43.769614737,10.436465788
43.769614667,10.436465853
43.769614575,10.436465904
43.76961455,10.436465945
43.769614643,10.436465977
43.769614748,10.436465963
43.769614718,10.436465967
43.769614769,10.436465969
43.769614783,10.436466018
43.769614766,10.436466206
43.769614823,10.4364664
43.769614934,10.436466598
43.769615013,10.436466757
43.769615156,10.436466866
43.769615266,10.436466883
43.769615374,10.436466805
43.769615492,10.436466647
43.769615599,10.436466246
43.769615667,10.436465525
43.769615756,10.436465158
43.769616006,10.436464119
43.769616067,10.436463754
43.769616107,10.436463303
43.769616142,10.436463141
43.769616182,10.436462893
43.769616266,10.436461393
43.769616453,10.436459623
43.769616547,10.436458401
43.769616594,10.436457687
43.769616714,10.436456517
43.769616762,10.436455769
43.769616789,10.436455489
43.769616859,10.436454886
43.769616904,10.436454271
43.769616913,10.436453909
43.769616987,10.436453055
43.769617079,10.43645219
43.769617108,10.436451883
43.769617121,10.436451566
43.769617148,10.436451148
43.769617155,10.436450856
43.769617147,10.436450673
43.769617106,10.436450517
43.769617076,10.436450392
43.769617021,10.436450286
43.769616987,10.43645015
43.769616932,10.43645004
43.769616896,10.436449945
43.769616786,10.436449886
43.769616746,10.436449796
43.769616701,10.436449673
43.769616728,10.436449529
43.769616742,10.436449407
43.769616889,10.436449307
43.769616933,10.436449212
43.769616982,10.436449114
43.769617215,10.436449104
43.769617195,10.436449053
43.769617367,10.436449114
43.769617373,10.436449169
43.769617367,10.436449186
43.769617393,10.436449168
43.769617501,10.436449179
43.7696176,10.436449315
43.769617664,10.436449402
43.769617832,10.436449583
43.769618044,10.436449776
43.769618212,10.436449928
43.769618373,10.436450076
43.769618697,10.436450259
43.769618725,10.43645029
43.769618785,10.436450319
43.769618836,10.436450361
43.769618862,10.43645042
43.769618887,10.436450439
43.769618892,10.436450456
43.769619105,10.436450441
43.76961985,10.436450372
43.769619921,10.436450387
43.769620117,10.436450392
43.76962028,10.436450328
43.769620402,10.436450253
43.76962044,10.436450182
43.76962049,10.436450115
43.769620555,10.436450046
43.76962061,10.436449956
43.769620665,10.436449901
43.769620694,10.436449843
43.7696208,10.436449724
43.769620803,10.436449742
43.769621005,10.436449744
43.769621116,10.436449747
43.769621177,10.436449729
43.769621232,10.436449718
43.769621316,10.43644977
43.769621378,10.436449739
43.769621455,10.436449728
43.769621512,10.436449644
43.769621553,10.436449552
43.769621593,10.436449466
43.769621632,10.436449374
43.769621663,10.436449284
43.769621735,10.436449172
43.769621805,10.436449054
43.769621872,10.436448968
43.769621938,10.436448916
43.769622023,10.436448871
43.769622102,10.436448802
43.769622182,10.436448788
43.769622241,10.436448722
43.76962233,10.436448733
43.769622407,10.436448695
43.769622466,10.436448609
43.769622529,10.436448532
43.769622562,10.43644846
43.769622612,10.436448417
43.769622711,10.436448343
43.769622738,10.436448364
43.769622739,10.436448446
43.769622763,10.436448562
43.769622761,10.436448913
43.769622771,10.436449117
43.769622788,10.436449363
43.769622809,10.436449798
43.76962282,10.436449994
43.76962283,10.436450193
43.769622859,10.436450674
43.769622839,10.436451032
43.769622826,10.43645124
43.769622822,10.436451475
43.769622794,10.436451943
43.769622778,10.43645213
43.769622742,10.436452587
43.769622704,10.436452854
43.769622654,10.436453339
43.769622636,10.436453543
43.769622598,10.436454056
43.769622557,10.436454324
43.76962252,10.436454814
43.769622487,10.43645515
43.769622461,10.436455635
43.76962243,10.436456085
43.769622368,10.436457097
43.769622295,10.436458366
43.769622176,10.436460054
43.769622141,10.436460339
43.769622092,10.436460993
43.769622053,10.43646152
43.76962195,10.43646256
43.769621902,10.436463121
43.769621862,10.436463555
43.769621827,10.436464128
43.769621803,10.436464785
43.769621789,10.43646513
43.769621788,10.436465613
43.769621796,10.436466203
43.769621781,10.436466822
43.769621803,10.436467973
43.769621818,10.436468468
43.769621823,10.436469075
43.769621834,10.436470259
43.769621838,10.436470755
43.769621858,10.436472084
43.769621872,10.436472467
43.769621861,10.4364729
43.769621845,10.436473232
43.769621854,10.436473602
43.769621831,10.436473873
43.769621806,10.436474037
43.769621783,10.436474205
43.769621748,10.436474323
43.769621724,10.436474443
43.769621665,10.436474594
43.769621622,10.43647472
43.769621619,10.436474896
43.769621597,10.436475067
43.769621612,10.436475213
43.769621751,10.43647543
43.769621985,10.436475682
43.769622072,10.436475787
43.769622278,10.436475951
43.769622458,10.436476058
43.769622513,10.436476125
43.769622601,10.436476246
43.769622608,10.436476364
43.769622625,10.436476526
43.769622589,10.436476619
43.769622617,10.436476756
43.76962267,10.436476949
43.769622769,10.436477078
43.769622854,10.436477213
43.769622901,10.436477312
43.76962302,10.436477412
43.769623132,10.436477586
43.769623277,10.436477707
43.769623469,10.436477778
43.76962358,10.436477985
43.769623787,10.436477921
43.76962387,10.436478036
43.769624055,10.436477946
43.769624162,10.436477948
43.769624284,10.43647774
43.769624436,10.43647749
43.769624535,10.436477328
43.769624637,10.436476926
43.769624676,10.436476767
43.769624721,10.436476435
43.769624791,10.436476291
43.769624825,10.436475832
43.76962483,10.436475546
43.769624852,10.436475136
43.76962487,10.436474366
43.769624884,10.436474037
43.769624943,10.436472755
43.769625001,10.436471498
43.769625011,10.436470813
43.769625008,10.436470051
43.769625127,10.43646881
43.769625178,10.436467776
43.769625203,10.436466473
43.769625242,10.436465467
43.769625272,10.436464636
43.769625341,10.436463511
43.769625432,10.436462107
43.7696255,10.436461136
43.76962553,10.436460628
43.769625571,10.436459645
43.769625638,10.436458557
43.769625706,10.436457478
43.769625826,10.43645603
43.769625905,10.436455011
43.769625944,10.436454575
43.769625969,10.436454256
43.76962598,10.436453956
43.769626006,10.436453584
43.769626038,10.436453215
43.769626076,10.43645287
43.7696261,10.436452636
43.769626094,10.436452431
43.769626078,10.436452232
43.769626051,10.436452084
43.769626046,10.436451964
43.769626015,10.436451827
43.769625999,10.436451697
43.769625945,10.436451601
43.769625891,10.436451544
43.76962585,10.436451383
43.769625776,10.436451322
43.769625701,10.436451272
43.769625641,10.436451186
43.769625635,10.43645101
43.769625628,10.436450898
43.769625728,10.436450737
43.769625761,10.436450625
43.769625835,10.436450454
43.769625911,10.43645032
43.769626101,10.436450223
43.769626177,10.436450124
43.769626255,10.436449974
43.769626268,10.436449801
43.769626281,10.436449685
43.769626276,10.4364496
43.769626271,10.436449535
43.769626271,10.436449468
43.769626276,10.436449416
43.76962629,10.43644937
43.769626335,10.436449335
43.769626334,10.436449296
43.769626336,10.436449293
43.769626318,10.436449306
43.769626316,10.43644937
43.769626433,10.436449588
43.769626531,10.436449753
43.769626673,10.436449856
43.769626694,10.436449934
43.769627169,10.436450065
43.769627342,10.436450134
43.769627709,10.436450212
43.769627958,10.436450239
43.769628079,10.43645027
43.769628323,10.436450343
43.769628459,10.436450358
43.769628644,10.436450416
43.769628771,10.436450421
43.76962886,10.436450441
43.76962895,10.436450456
43.769629079,10.436450459
43.769629187,10.436450455
43.769629277,10.43645039
43.769629447,10.436450404
43.769629652,10.436450478
43.769629792,10.436450465
43.769629991,10.43645057
43.769630046,10.436450561
43.769630142,10.436450576
43.769630223,10.436450581
43.769630312,10.436450641
43.769630417,10.436450878
43.76963047,10.436451266
43.769630429,10.436451726
43.769630454,10.436451787
43.769630399,10.436452172
43.769630297,10.436453116
43.769630259,10.436453745
43.769630243,10.436454499
43.769630178,10.436455751
43.769629943,10.436456919
43.769629842,10.436457632
43.769629732,10.436458328
43.769629666,10.436458711
43.769629593,10.436459443
43.769629519,10.436460187
43.769629396,10.436461376
43.769629322,10.436462081
43.769629299,10.436462425
43.769629283,10.436463357
43.769629234,10.436464288
43.769629189,10.43646494
43.769629118,10.436465701
43.769629059,10.436466504
43.769629134,10.436467519
43.769629146,10.436468206
43.769629149,10.436468578
43.769629182,10.4364693
43.769629194,10.436469674
43.769629226,10.436470155
43.769629252,10.43647062
43.769629324,10.436471493
43.769629386,10.436472056
43.769629458,10.436472909
43.769629475,10.436473272
43.769629493,10.436473667
43.769629522,10.436473939
43.769629572,10.4364742
43.769629649,10.436474554
43.769629682,10.436474823
43.769629661,10.436474966
43.769629606,10.436475079
43.769629498,10.436475213
43.769629439,10.436475324
43.769629389,10.436475453
43.769629385,10.436475637
43.769629471,10.436475737
43.769629521,10.436475831
43.769629583,10.436475911
43.769629684,10.436476022
43.769629814,10.436476222
43.769630036,10.436476307
43.76963014,10.436476488
43.769630274,10.436476561
43.769630372,10.436476612
43.769630436,10.436476643
43.769630459,10.436476689
43.769630443,10.436476748
43.769630416,10.436476802
43.769630414,10.436476856
43.769630433,10.436476902
43.76963056,10.436476877
43.769630754,10.436476852
43.769630893,10.436476797
43.769631144,10.436476816
43.76963151,10.43647684
43.769631703,10.436476803
43.769631889,10.436476777
43.769632082,10.436476742
43.769632243,10.436476786
43.76963241,10.436476836
43.769632492,10.436476868
43.769632653,10.436476895
43.769632786,10.436476936
43.769632887,10.43647694
43.769632901,10.43647711
43.769632926,10.436477204
43.769632981,10.436477277
43.769632969,10.436477282
43.769632961,10.436477291
43.769632958,10.436477294
43.769632956,10.436477328
43.769633006,10.43647735
43.76963312,10.436477282
43.769633183,10.436477221
43.769633248,10.436477242
43.769633311,10.436477278
43.769633368,10.436477299
43.769633449,10.436477358
43.769633494,10.436477523
43.769633511,10.436477628
43.769633523,10.436477673
43.769633552,10.43647771
43.769633577,10.436477774
43.769633638,10.436477792
43.769633713,10.436477805
43.769633752,10.436477816
43.769633773,10.436477877
43.769633839,10.43647788
43.76963384,10.436477869
43.769633903,10.43647777
43.769633955,10.436477706
43.769634003,10.436477615
43.769634056,10.436477545
43.769634144,10.436477391
43.769634231,10.436477241
43.769634328,10.436477054
43.76963442,10.436476874
43.769634503,10.436476707
43.769634596,10.436476487
43.769634706,10.436476268
43.769634783,10.436476141
43.769634832,10.436476107
43.769634903,10.436476022
43.769634982,10.436475945
43.769635045,10.436475936
43.769635115,10.436475903
43.769635209,10.43647591
43.769635276,10.436475901
43.769635349,10.436475899
43.769635421,10.436475927
43.769635517,10.436475922
43.769635593,10.436475916
43.769635657,10.436475874
43.76963571,10.436475816
43.769635772,10.436475779
43.76963581,10.436475787
43.769635852,10.436475772
43.769635897,10.436475734
43.769635954,10.436475732
43.769636006,10.43647573
43.769636043,10.43647571
43.769636107,10.436475723
43.769636137,10.436475686
43.769636243,10.436475558
43.769636243,10.436475526
43.769636253,10.436475486
43.769636272,10.436475413
43.76963631,10.43647535
43.769636346,10.436475216
43.769636358,10.436475051
43.769636415,10.436474887
43.769636466,10.436474745
43.769636465,10.436474614
43.769636407,10.436474565
43.769636342,10.43647444
43.769636259,10.436474391
43.769636175,10.436474306
43.769636016,10.436474322
43.769635919,10.43647432
43.769635886,10.436474254
43.769635852,10.436474246
43.769635792,10.436474259
43.769635695,10.436474312
43.769635591,10.436474357
43.769635559,10.436474429
43.769635542,10.436474637
43.769635462,10.436474769
43.76963537,10.436474925
43.769635233,10.436475008
43.769635053,10.436474974
43.769634783,10.436474735
43.769634545,10.436474463
43.769634369,10.436474182
43.769634235,10.436474046
43.769634137,10.436474132
43.769634055,10.436474219
43.769633989,10.43647418
43.769633932,10.436473978
43.7696339,10.436473739
43.7696338,10.4364732
43.769633669,10.436472568
43.769633636,10.436472406
43.76963346,10.436471774
43.769633287,10.436471229
43.769633242,10.436471044
43.769632886,10.436470289
43.769632784,10.436470107
43.769632355,10.436469026
43.76963222,10.436468481
43.769632032,10.436467777
43.769631877,10.436467098
43.769631709,10.436466183
43.769631617,10.436465485
43.769631565,10.436464648
43.769631578,10.43646357
43.769631597,10.436462865
43.769631789,10.436461908
43.769631929,10.43646106
43.769631967,10.436460276
43.76963198,10.436459898
43.769631923,10.436458518
43.769631911,10.43645778
43.769631899,10.436457627
43.769631896,10.436457532
43.769631897,10.436457436
43.769631892,10.436457435
43.769631863,10.436457388
43.769631842,10.436457366
43.769631831,10.436457219
43.769631758,10.436455795
43.769631741,10.436455152
43.769631748,10.436454792
43.769631726,10.436454331
43.769631778,10.436454006
43.769631891,10.43645367
43.769632036,10.436453418
43.769632392,10.436453149
43.769633237,10.4364529
43.76963359,10.436452767
43.769633978,10.436452657
43.769634355,10.436452641
43.76963469,10.436452616
43.769634883,10.436452646
43.769634969,10.43645252
43.769635009,10.436452365
43.769635051,10.436452262
43.769635069,10.436452173
43.769635133,10.436452145
43.769635191,10.436452149
43.769635244,10.436452187
43.769635247,10.436452457
43.769635246,10.43645269
43.769635237,10.436453147
43.769635217,10.436453464
43.769635198,10.436454402
43.769635191,10.436455
43.769635142,10.436455549
43.769635116,10.436456046
43.76963503,10.436457191
43.769634969,10.436458122
43.769634894,10.43645897
43.769634832,10.436459687
43.769634787,10.436460348
43.769634723,10.436460927
43.769634618,10.436461831
43.769634543,10.436462625
43.769634447,10.436463759
43.769634356,10.436464595
43.76963426,10.436465632
43.769634192,10.436466323
43.769634087,10.436467601
43.769633999,10.436468551
43.769633938,10.436469403
43.769633928,10.436470126
43.769633914,10.436470429
43.769633896,10.436470506
43.769633872,10.436470869
43.769633918,10.436471666
43.769633992,10.436472133
43.769634027,10.43647242
43.769634162,10.436472903
43.769634371,10.436473382
43.769634777,10.436473888
43.769635086,10.436474307
43.769635554,10.436474694
43.76963617,10.436475378
43.769636338,10.436475675
43.769636444,10.436475931
43.769636496,10.4364761
43.76963661,10.436476311
43.769636642,10.436476488
43.769636739,10.436476585
43.769636834,10.436476669
43.769636941,10.436476723
43.769637008,10.436476787
43.76963716,10.436476611
43.769637268,10.436476263
43.769637346,10.436476134
43.76963743,10.436475723
43.769637472,10.436475206
43.769637518,10.436475041
43.769637563,10.436474897
43.769637644,10.436473805
43.769637686,10.436473622
43.769637572,10.436472747
43.769637537,10.436472523
43.769637517,10.436472209
43.769637456,10.436471713
43.769637418,10.436471474
43.769637348,10.436470916
43.769637335,10.436470348
43.769637341,10.436469955
43.769637353,10.436469591
43.769637341,10.436469153
43.76963733,10.436468687
43.769637317,10.436467387
43.769637298,10.436467118
43.769637286,10.436466935
43.769637295,10.43646675
43.769637286,10.436466328
43.769637271,10.436466014
43.769637266,10.436465732
43.769637279,10.436465406
43.769637272,10.436465084
43.769637259,10.43646482
43.769637236,10.436464322
43.769637213,10.43646379
43.769637202,10.436463523
43.769637146,10.436462545
43.769637135,10.436462205
43.769637121,10.436461715
43.769637081,10.436461157
43.769637055,10.436460889
43.769637035,10.43646054
43.769637017,10.436459991
43.769636999,10.436459762
43.769636991,10.436459443
43.769636972,10.43645918
43.769636964,10.436458352
43.769636967,10.436457894
43.769636949,10.436457472
43.769636948,10.436457062
43.769636921,10.436456579
43.769636908,10.436455992
43.769636899,10.436455533
43.769636868,10.436455191
43.769636853,10.436454996
43.769636818,10.436454864
43.769636778,10.436454646
43.769636699,10.436454569
43.769636635,10.436454565
43.769636569,10.436454451
43.769636467,10.436454316
43.769636365,10.436454168
43.769636278,10.436454033
43.769636224,10.436453901
43.769636182,10.436453704
43.769636256,10.436453514
43.769636268,10.436453343
43.76963634,10.436453191
43.769636483,10.436453075
43.769636611,10.436452962
43.769636776,10.436452856
43.769637092,10.436452808
43.769637396,10.436452832
43.769637497,10.436452736
43.769637576,10.436452666
43.769637697,10.436452604
43.769637764,10.436452519
43.76963783,10.436452439
43.769637974,10.436452447
43.769638079,10.436452391
43.769638198,10.436452506
43.769638267,10.436452558
43.769638396,10.436452824
43.76963852,10.436453132
43.769638604,10.436453295
43.769638668,10.436453488
43.769638741,10.436453681
43.769638812,10.436453961
43.769638837,10.436454539
43.769638875,10.43645483
43.769638885,10.436455181
43.769638962,10.436455673
43.76963896,10.43645591
43.769638956,10.436456128
43.769638925,10.436456339
43.769638903,10.436456537
43.769638877,10.436456698
43.769638828,10.436456842
43.769638783,10.436456992
43.769638748,10.436457144
43.769638726,10.436457304
43.76963871,10.436457513
43.769638693,10.436457794
43.769638667,10.436458003
43.769638673,10.436458223
43.769638717,10.436458466
43.769638755,10.436458663
43.769639036,10.436459377
43.769639121,10.436459499
43.769639332,10.436459775
43.769639387,10.436459836
43.769639423,10.436459844
43.769639482,10.43645983
43.769639543,10.43645984
43.769639608,10.436459815
43.769639671,10.436459809
43.769639734,10.436459821
43.769639784,10.436459776
43.769639852,10.436459735
43.769639876,10.43645972
43.769639916,10.436459841
43.769639947,10.436459978
43.769639999,10.436460334
43.769640055,10.436460686
43.769640059,10.436460747
43.769640127,10.436461326
43.769640158,10.436461474
43.769640219,10.436462133
43.769640233,10.43646232
43.769640265,10.436463585
43.769640242,10.436464184
43.769640242,10.436464367
43.76964013,10.43646532
43.769640042,10.436466157
43.76963994,10.43646733
43.769639819,10.436468252
43.769639744,10.436468784
43.769639645,10.436469398
43.769639595,10.436470183
43.769639575,10.436470596
43.769639523,10.436471178
43.769639509,10.436471809
43.769639459,10.436472185
43.769639442,10.436472596
43.769639498,10.43647296
43.769639478,10.436473148
43.769639452,10.436473482
43.769639476,10.436473686
43.769639504,10.436474087
43.769639749,10.436474471
43.769639931,10.436474768
43.769640106,10.436475025
43.769640138,10.436475327
43.769640525,10.436475704
43.769640804,10.436476035
43.769641191,10.436476089
43.769641373,10.436476152
43.769641645,10.436476254
43.769641857,10.436476326
43.769642061,10.436476298
43.76964218,10.43647641
43.769642358,10.436476369
43.769642516,10.436476121
43.769642637,10.436476035
43.769642716,10.436475469
43.769642802,10.436475283
43.769642826,10.436475034
43.769642831,10.436474732
43.76964286,10.436474248
43.76964282,10.436473306
43.769642786,10.436472593
43.769642786,10.436471513
43.769642802,10.436470864
43.769642774,10.436469444
43.76964276,10.436468586
43.769642756,10.436467677
43.769642742,10.436466877
43.769642725,10.436465998
43.769642697,10.436464284
43.769642668,10.436463013
43.769642636,10.436462258
43.769642631,10.436461249
43.769642614,10.436459632
43.76964263,10.43645907
43.769642644,10.436458474
43.769642656,10.436458296
43.769642676,10.436458172
43.769642684,10.436458065
43.76964269,10.436457983
43.7696427,10.436457901
43.769642722,10.436457704
43.769642722,10.436457729
43.76964273,10.436457676
43.769642739,10.436457701
43.769642744,10.436457795
--